102,101,1
102,181,1
107,134,1
107,166,2
107,172,2
112,113,1
112,125,5
112,165,4
112,168,3
112,170,3
112,173,4
112,176,7
112,180,7
112,188,6
112,202,4
112,209,3
112,210,3
112,211,4
112,215,4
112,216,4
112,217,4
112,219,5
112,220,5
112,222,4
112,223,5
112,225,5
112,228,4
112,230,4
112,233,5
112,237,5
112,238,4
112,239,4
112,242,5
112,243,5
112,244,5
112,245,5
112,246,5
112,247,5
112,249,3
112,253,5
112,255,6
112,256,6
112,259,6
112,260,6
112,261,5
112,262,6
112,273,6
112,275,6
112,283,7
112,286,6
112,289,4
112,294,7
112,295,4
112,297,3
112,298,4
112,299,5
112,302,5
113,112,1
113,125,4
113,165,3
113,168,2
113,170,2
113,173,3
113,176,6
113,180,6
113,188,5
113,202,3
113,209,2
113,210,2
113,211,3
113,215,3
113,216,3
113,217,3
113,219,4
113,220,4
113,222,3
113,223,4
113,225,4
113,228,3
113,230,3
113,233,4
113,237,4
113,238,3
113,239,3
113,242,4
113,243,4
113,244,4
113,245,4
113,246,4
113,247,4
113,249,2
113,253,4
113,255,5
113,256,5
113,259,5
113,260,5
113,261,4
113,262,5
113,273,5
113,275,5
113,283,6
113,286,5
113,289,3
113,294,6
113,295,3
113,297,2
113,298,3
113,299,4
113,302,4
117,129,2
117,136,3
117,250,3
117,258,3
117,278,2
117,281,3
125,112,5
125,113,4
125,165,3
125,168,4
125,170,4
125,173,5
125,176,7
125,180,2
125,188,7
125,202,5
125,209,4
125,210,3
125,211,4
125,215,4
125,216,4
125,217,4
125,219,5
125,220,5
125,222,5
125,223,5
125,225,5
125,228,4
125,230,4
125,233,5
125,237,5
125,238,4
125,239,4
125,242,5
125,243,5
125,244,5
125,245,5
125,246,5
125,247,5
125,249,2
125,253,5
125,255,6
125,256,6
125,259,6
125,260,6
125,261,5
125,262,6
125,273,6
125,275,6
125,283,7
125,286,6
125,289,3
125,294,7
125,295,4
125,297,4
125,298,5
125,299,5
125,302,5
129,117,2
129,136,1
129,250,1
129,258,1
129,278,1
129,281,1
134,107,1
134,166,1
134,172,1
136,117,3
136,129,1
136,250,2
136,258,2
136,278,2
136,281,2
146,147,1
146,149,1
146,163,1
147,146,1
147,149,1
147,163,1
149,146,1
149,147,1
149,163,1
163,146,1
163,147,1
163,149,1
165,112,4
165,113,3
165,125,3
165,168,3
165,170,3
165,173,4
165,176,6
165,180,5
165,188,6
165,202,4
165,209,3
165,210,2
165,211,3
165,215,3
165,216,3
165,217,3
165,219,4
165,220,4
165,222,4
165,223,4
165,225,4
165,228,3
165,230,3
165,233,4
165,237,4
165,238,3
165,239,3
165,242,4
165,243,4
165,244,4
165,245,4
165,246,4
165,247,4
165,249,1
165,253,4
165,255,5
165,256,5
165,259,5
165,260,5
165,261,4
165,262,5
165,273,5
165,275,5
165,283,6
165,286,5
165,289,2
165,294,6
165,295,3
165,297,3
165,298,4
165,299,4
165,302,4
166,107,2
166,134,1
166,172,2
168,112,3
168,113,2
168,125,4
168,165,3
168,170,1
168,173,2
168,176,5
168,180,6
168,188,4
168,202,2
168,209,1
168,210,1
168,211,2
168,215,2
168,216,2
168,217,2
168,219,3
168,220,3
168,222,2
168,223,3
168,225,3
168,228,2
168,230,2
168,233,3
168,237,3
168,238,2
168,239,2
168,242,3
168,243,3
168,244,3
168,245,3
168,246,3
168,247,3
168,249,2
168,253,3
168,255,4
168,256,4
168,259,4
168,260,4
168,261,3
168,262,4
168,273,4
168,275,4
168,283,5
168,286,4
168,289,3
168,294,5
168,295,2
168,297,2
168,298,2
168,299,3
168,302,3
170,112,3
170,113,2
170,125,4
170,165,3
170,168,1
170,173,1
170,176,4
170,180,6
170,188,3
170,202,1
170,209,1
170,210,1
170,211,2
170,215,2
170,216,2
170,217,1
170,219,2
170,220,2
170,222,1
170,223,3
170,225,2
170,228,2
170,230,2
170,233,2
170,237,2
170,238,2
170,239,2
170,242,3
170,243,3
170,244,3
170,245,2
170,246,3
170,247,3
170,249,2
170,253,3
170,255,3
170,256,3
170,259,3
170,260,3
170,261,2
170,262,3
170,273,3
170,275,3
170,283,4
170,286,3
170,289,3
170,294,4
170,295,2
170,297,2
170,298,1
170,299,2
170,302,2
172,107,2
172,134,1
172,166,2
173,112,4
173,113,3
173,125,5
173,165,4
173,168,2
173,170,1
173,176,5
173,180,7
173,188,4
173,202,2
173,209,2
173,210,2
173,211,3
173,215,3
173,216,3
173,217,2
173,219,3
173,220,3
173,222,2
173,223,4
173,225,3
173,228,3
173,230,3
173,233,3
173,237,3
173,238,3
173,239,3
173,242,4
173,243,4
173,244,4
173,245,3
173,246,4
173,247,4
173,249,3
173,253,4
173,255,4
173,256,4
173,259,4
173,260,4
173,261,3
173,262,4
173,273,4
173,275,4
173,283,5
173,286,4
173,289,4
173,294,5
173,295,3
173,297,3
173,298,2
173,299,3
173,302,3
176,112,7
176,113,6
176,125,7
176,165,6
176,168,5
176,170,4
176,173,5
176,180,9
176,188,7
176,202,5
176,209,4
176,210,4
176,211,4
176,215,4
176,216,5
176,217,3
176,219,4
176,220,3
176,222,3
176,223,5
176,225,4
176,228,4
176,230,4
176,233,4
176,237,4
176,238,4
176,239,5
176,242,6
176,243,6
176,244,6
176,245,4
176,246,6
176,247,6
176,249,5
176,253,6
176,255,5
176,256,5
176,259,5
176,260,5
176,261,4
176,262,5
176,273,5
176,275,5
176,283,6
176,286,5
176,289,6
176,294,6
176,295,5
176,297,6
176,298,4
176,299,3
176,302,3
180,112,7
180,113,6
180,125,2
180,165,5
180,168,6
180,170,6
180,173,7
180,176,9
180,188,9
180,202,7
180,209,6
180,210,5
180,211,6
180,215,6
180,216,6
180,217,6
180,219,7
180,220,7
180,222,7
180,223,7
180,225,7
180,228,6
180,230,6
180,233,7
180,237,7
180,238,6
180,239,6
180,242,7
180,243,7
180,244,7
180,245,7
180,246,7
180,247,7
180,249,4
180,253,7
180,255,8
180,256,8
180,259,8
180,260,8
180,261,7
180,262,8
180,273,8
180,275,8
180,283,9
180,286,8
180,289,5
180,294,9
180,295,6
180,297,6
180,298,7
180,299,7
180,302,7
181,102,1
183,185,1
185,183,1
188,112,6
188,113,5
188,125,7
188,165,6
188,168,4
188,170,3
188,173,4
188,176,7
188,180,9
188,202,4
188,209,4
188,210,4
188,211,5
188,215,5
188,216,5
188,217,4
188,219,5
188,220,5
188,222,4
188,223,6
188,225,5
188,228,5
188,230,5
188,233,5
188,237,5
188,238,5
188,239,5
188,242,6
188,243,6
188,244,6
188,245,5
188,246,6
188,247,6
188,249,5
188,253,6
188,255,6
188,256,6
188,259,6
188,260,6
188,261,5
188,262,6
188,273,6
188,275,6
188,283,7
188,286,6
188,289,6
188,294,7
188,295,5
188,297,5
188,298,4
188,299,5
188,302,5
202,112,4
202,113,3
202,125,5
202,165,4
202,168,2
202,170,1
202,173,2
202,176,5
202,180,7
202,188,4
202,209,2
202,210,2
202,211,3
202,215,3
202,216,3
202,217,2
202,219,3
202,220,3
202,222,2
202,223,4
202,225,3
202,228,3
202,230,3
202,233,3
202,237,3
202,238,3
202,239,3
202,242,4
202,243,4
202,244,4
202,245,3
202,246,4
202,247,4
202,249,3
202,253,4
202,255,4
202,256,4
202,259,4
202,260,4
202,261,3
202,262,4
202,273,4
202,275,4
202,283,5
202,286,4
202,289,4
202,294,5
202,295,3
202,297,3
202,298,2
202,299,3
202,302,3
205,218,1
208,304,1
209,112,3
209,113,2
209,125,4
209,165,3
209,168,1
209,170,1
209,173,2
209,176,4
209,180,6
209,188,4
209,202,2
209,210,1
209,211,1
209,215,1
209,216,1
209,217,1
209,219,2
209,220,2
209,222,2
209,223,2
209,225,2
209,228,1
209,230,1
209,233,2
209,237,2
209,238,1
209,239,1
209,242,2
209,243,2
209,244,2
209,245,2
209,246,2
209,247,2
209,249,2
209,253,2
209,255,3
209,256,3
209,259,3
209,260,3
209,261,2
209,262,3
209,273,3
209,275,3
209,283,4
209,286,3
209,289,3
209,294,4
209,295,2
209,297,2
209,298,2
209,299,2
209,302,2
210,112,3
210,113,2
210,125,3
210,165,2
210,168,1
210,170,1
210,173,2
210,176,4
210,180,5
210,188,4
210,202,2
210,209,1
210,211,1
210,215,1
210,216,1
210,217,1
210,219,2
210,220,2
210,222,2
210,223,2
210,225,2
210,228,1
210,230,1
210,233,2
210,237,2
210,238,1
210,239,1
210,242,2
210,243,2
210,244,2
210,245,2
210,246,2
210,247,2
210,249,1
210,253,2
210,255,3
210,256,3
210,259,3
210,260,3
210,261,2
210,262,3
210,273,3
210,275,3
210,283,4
210,286,3
210,289,2
210,294,4
210,295,1
210,297,2
210,298,2
210,299,2
210,302,2
211,112,4
211,113,3
211,125,4
211,165,3
211,168,2
211,170,2
211,173,3
211,176,4
211,180,6
211,188,5
211,202,3
211,209,1
211,210,1
211,215,1
211,216,2
211,217,1
211,219,1
211,220,1
211,222,2
211,223,2
211,225,1
211,228,1
211,230,1
211,233,1
211,237,2
211,238,1
211,239,2
211,242,3
211,243,3
211,244,3
211,245,1
211,246,3
211,247,3
211,249,2
211,253,3
211,255,2
211,256,2
211,259,2
211,260,2
211,261,1
211,262,2
211,273,2
211,275,2
211,283,3
211,286,2
211,289,3
211,294,3
211,295,2
211,297,3
211,298,2
211,299,2
211,302,2
215,112,4
215,113,3
215,125,4
215,165,3
215,168,2
215,170,2
215,173,3
215,176,4
215,180,6
215,188,5
215,202,3
215,209,1
215,210,1
215,211,1
215,216,2
215,217,1
215,219,2
215,220,2
215,222,2
215,223,1
215,225,2
215,228,2
215,230,1
215,233,2
215,237,2
215,238,2
215,239,2
215,242,3
215,243,3
215,244,3
215,245,2
215,246,3
215,247,3
215,249,2
215,253,3
215,255,3
215,256,3
215,259,3
215,260,3
215,261,2
215,262,3
215,273,3
215,275,3
215,283,4
215,286,3
215,289,3
215,294,4
215,295,2
215,297,3
215,298,2
215,299,2
215,302,2
216,112,4
216,113,3
216,125,4
216,165,3
216,168,2
216,170,2
216,173,3
216,176,5
216,180,6
216,188,5
216,202,3
216,209,1
216,210,1
216,211,2
216,215,2
216,217,2
216,219,3
216,220,3
216,222,3
216,223,3
216,225,3
216,228,2
216,230,2
216,233,3
216,237,3
216,238,2
216,239,2
216,242,3
216,243,3
216,244,3
216,245,3
216,246,3
216,247,3
216,249,2
216,253,3
216,255,4
216,256,4
216,259,4
216,260,4
216,261,3
216,262,4
216,273,4
216,275,4
216,283,5
216,286,4
216,289,3
216,294,5
216,295,2
216,297,3
216,298,3
216,299,3
216,302,3
217,112,4
217,113,3
217,125,4
217,165,3
217,168,2
217,170,1
217,173,2
217,176,3
217,180,6
217,188,4
217,202,2
217,209,1
217,210,1
217,211,1
217,215,1
217,216,2
217,219,1
217,220,1
217,222,1
217,223,2
217,225,1
217,228,1
217,230,1
217,233,1
217,237,1
217,238,1
217,239,2
217,242,3
217,243,3
217,244,3
217,245,1
217,246,3
217,247,3
217,249,2
217,253,3
217,255,2
217,256,2
217,259,2
217,260,2
217,261,1
217,262,2
217,273,2
217,275,2
217,283,3
217,286,2
217,289,3
217,294,3
217,295,2
217,297,3
217,298,1
217,299,1
217,302,1
218,205,1
219,112,5
219,113,4
219,125,5
219,165,4
219,168,3
219,170,2
219,173,3
219,176,4
219,180,7
219,188,5
219,202,3
219,209,2
219,210,2
219,211,1
219,215,2
219,216,3
219,217,1
219,220,1
219,222,2
219,223,3
219,225,2
219,228,2
219,230,2
219,233,2
219,237,2
219,238,2
219,239,3
219,242,4
219,243,4
219,244,4
219,245,1
219,246,4
219,247,4
219,249,3
219,253,4
219,255,2
219,256,2
219,259,2
219,260,2
219,261,2
219,262,2
219,273,2
219,275,2
219,283,3
219,286,1
219,289,4
219,294,3
219,295,3
219,297,4
219,298,2
219,299,2
219,302,2
220,112,5
220,113,4
220,125,5
220,165,4
220,168,3
220,170,2
220,173,3
220,176,3
220,180,7
220,188,5
220,202,3
220,209,2
220,210,2
220,211,1
220,215,2
220,216,3
220,217,1
220,219,1
220,222,1
220,223,3
220,225,1
220,228,2
220,230,2
220,233,1
220,237,1
220,238,2
220,239,3
220,242,4
220,243,4
220,244,4
220,245,1
220,246,4
220,247,4
220,249,3
220,253,4
220,255,2
220,256,2
220,259,2
220,260,2
220,261,1
220,262,2
220,273,2
220,275,2
220,283,3
220,286,2
220,289,4
220,294,3
220,295,3
220,297,4
220,298,2
220,299,2
220,302,2
222,112,4
222,113,3
222,125,5
222,165,4
222,168,2
222,170,1
222,173,2
222,176,3
222,180,7
222,188,4
222,202,2
222,209,2
222,210,2
222,211,2
222,215,2
222,216,3
222,217,1
222,219,2
222,220,1
222,223,3
222,225,2
222,228,2
222,230,2
222,233,1
222,237,2
222,238,2
222,239,3
222,242,4
222,243,4
222,244,4
222,245,2
222,246,4
222,247,4
222,249,3
222,253,4
222,255,3
222,256,3
222,259,3
222,260,3
222,261,1
222,262,3
222,273,3
222,275,3
222,283,4
222,286,3
222,289,4
222,294,4
222,295,3
222,297,3
222,298,1
222,299,1
222,302,1
223,112,5
223,113,4
223,125,5
223,165,4
223,168,3
223,170,3
223,173,4
223,176,5
223,180,7
223,188,6
223,202,4
223,209,2
223,210,2
223,211,2
223,215,1
223,216,3
223,217,2
223,219,3
223,220,3
223,222,3
223,225,3
223,228,3
223,230,2
223,233,3
223,237,3
223,238,3
223,239,3
223,242,4
223,243,4
223,244,4
223,245,3
223,246,4
223,247,4
223,249,3
223,253,4
223,255,4
223,256,4
223,259,4
223,260,4
223,261,3
223,262,4
223,273,4
223,275,4
223,283,5
223,286,4
223,289,4
223,294,5
223,295,3
223,297,4
223,298,3
223,299,3
223,302,3
225,112,5
225,113,4
225,125,5
225,165,4
225,168,3
225,170,2
225,173,3
225,176,4
225,180,7
225,188,5
225,202,3
225,209,2
225,210,2
225,211,1
225,215,2
225,216,3
225,217,1
225,219,2
225,220,1
225,222,2
225,223,3
225,228,2
225,230,1
225,233,2
225,237,2
225,238,2
225,239,3
225,242,4
225,243,4
225,244,4
225,245,2
225,246,4
225,247,4
225,249,3
225,253,4
225,255,3
225,256,3
225,259,3
225,260,3
225,261,2
225,262,3
225,273,3
225,275,3
225,283,4
225,286,3
225,289,4
225,294,4
225,295,3
225,297,4
225,298,2
225,299,2
225,302,2
228,112,4
228,113,3
228,125,4
228,165,3
228,168,2
228,170,2
228,173,3
228,176,4
228,180,6
228,188,5
228,202,3
228,209,1
228,210,1
228,211,1
228,215,2
228,216,2
228,217,1
228,219,2
228,220,2
228,222,2
228,223,3
228,225,2
228,230,2
228,233,2
228,237,2
228,238,1
228,239,2
228,242,3
228,243,3
228,244,3
228,245,2
228,246,3
228,247,3
228,249,2
228,253,3
228,255,3
228,256,3
228,259,3
228,260,3
228,261,2
228,262,3
228,273,3
228,275,3
228,283,4
228,286,3
228,289,3
228,294,4
228,295,2
228,297,3
228,298,2
228,299,2
228,302,2
230,112,4
230,113,3
230,125,4
230,165,3
230,168,2
230,170,2
230,173,3
230,176,4
230,180,6
230,188,5
230,202,3
230,209,1
230,210,1
230,211,1
230,215,1
230,216,2
230,217,1
230,219,2
230,220,2
230,222,2
230,223,2
230,225,1
230,228,2
230,233,2
230,237,2
230,238,1
230,239,2
230,242,3
230,243,3
230,244,3
230,245,2
230,246,3
230,247,3
230,249,2
230,253,3
230,255,3
230,256,3
230,259,3
230,260,3
230,261,2
230,262,3
230,273,3
230,275,3
230,283,4
230,286,3
230,289,3
230,294,4
230,295,2
230,297,3
230,298,2
230,299,2
230,302,2
233,112,5
233,113,4
233,125,5
233,165,4
233,168,3
233,170,2
233,173,3
233,176,4
233,180,7
233,188,5
233,202,3
233,209,2
233,210,2
233,211,1
233,215,2
233,216,3
233,217,1
233,219,2
233,220,1
233,222,1
233,223,3
233,225,2
233,228,2
233,230,2
233,237,2
233,238,2
233,239,3
233,242,4
233,243,4
233,244,4
233,245,2
233,246,4
233,247,4
233,249,3
233,253,4
233,255,3
233,256,3
233,259,3
233,260,3
233,261,2
233,262,3
233,273,3
233,275,3
233,283,4
233,286,3
233,289,4
233,294,4
233,295,3
233,297,4
233,298,1
233,299,2
233,302,1
237,112,5
237,113,4
237,125,5
237,165,4
237,168,3
237,170,2
237,173,3
237,176,4
237,180,7
237,188,5
237,202,3
237,209,2
237,210,2
237,211,2
237,215,2
237,216,3
237,217,1
237,219,2
237,220,1
237,222,2
237,223,3
237,225,2
237,228,2
237,230,2
237,233,2
237,238,2
237,239,3
237,242,4
237,243,4
237,244,4
237,245,2
237,246,4
237,247,4
237,249,3
237,253,4
237,255,3
237,256,3
237,259,3
237,260,3
237,261,2
237,262,3
237,273,3
237,275,3
237,283,4
237,286,3
237,289,4
237,294,4
237,295,3
237,297,4
237,298,2
237,299,2
237,302,2
238,112,4
238,113,3
238,125,4
238,165,3
238,168,2
238,170,2
238,173,3
238,176,4
238,180,6
238,188,5
238,202,3
238,209,1
238,210,1
238,211,1
238,215,2
238,216,2
238,217,1
238,219,2
238,220,2
238,222,2
238,223,3
238,225,2
238,228,1
238,230,1
238,233,2
238,237,2
238,239,2
238,242,3
238,243,3
238,244,3
238,245,2
238,246,3
238,247,3
238,249,2
238,253,3
238,255,3
238,256,3
238,259,3
238,260,3
238,261,2
238,262,3
238,273,3
238,275,3
238,283,4
238,286,3
238,289,3
238,294,4
238,295,2
238,297,3
238,298,2
238,299,2
238,302,2
239,112,4
239,113,3
239,125,4
239,165,3
239,168,2
239,170,2
239,173,3
239,176,5
239,180,6
239,188,5
239,202,3
239,209,1
239,210,1
239,211,2
239,215,2
239,216,2
239,217,2
239,219,3
239,220,3
239,222,3
239,223,3
239,225,3
239,228,2
239,230,2
239,233,3
239,237,3
239,238,2
239,242,1
239,243,1
239,244,1
239,245,3
239,246,1
239,247,1
239,249,2
239,253,1
239,255,4
239,256,4
239,259,4
239,260,4
239,261,3
239,262,4
239,273,4
239,275,4
239,283,5
239,286,4
239,289,3
239,294,5
239,295,2
239,297,3
239,298,3
239,299,3
239,302,3
242,112,5
242,113,4
242,125,5
242,165,4
242,168,3
242,170,3
242,173,4
242,176,6
242,180,7
242,188,6
242,202,4
242,209,2
242,210,2
242,211,3
242,215,3
242,216,3
242,217,3
242,219,4
242,220,4
242,222,4
242,223,4
242,225,4
242,228,3
242,230,3
242,233,4
242,237,4
242,238,3
242,239,1
242,243,2
242,244,2
242,245,4
242,246,2
242,247,2
242,249,3
242,253,2
242,255,5
242,256,5
242,259,5
242,260,5
242,261,4
242,262,5
242,273,5
242,275,5
242,283,6
242,286,5
242,289,4
242,294,6
242,295,3
242,297,4
242,298,4
242,299,4
242,302,4
243,112,5
243,113,4
243,125,5
243,165,4
243,168,3
243,170,3
243,173,4
243,176,6
243,180,7
243,188,6
243,202,4
243,209,2
243,210,2
243,211,3
243,215,3
243,216,3
243,217,3
243,219,4
243,220,4
243,222,4
243,223,4
243,225,4
243,228,3
243,230,3
243,233,4
243,237,4
243,238,3
243,239,1
243,242,2
243,244,2
243,245,4
243,246,2
243,247,2
243,249,3
243,253,2
243,255,5
243,256,5
243,259,5
243,260,5
243,261,4
243,262,5
243,273,5
243,275,5
243,283,6
243,286,5
243,289,4
243,294,6
243,295,3
243,297,4
243,298,4
243,299,4
243,302,4
244,112,5
244,113,4
244,125,5
244,165,4
244,168,3
244,170,3
244,173,4
244,176,6
244,180,7
244,188,6
244,202,4
244,209,2
244,210,2
244,211,3
244,215,3
244,216,3
244,217,3
244,219,4
244,220,4
244,222,4
244,223,4
244,225,4
244,228,3
244,230,3
244,233,4
244,237,4
244,238,3
244,239,1
244,242,2
244,243,2
244,245,4
244,246,2
244,247,2
244,249,3
244,253,2
244,255,5
244,256,5
244,259,5
244,260,5
244,261,4
244,262,5
244,273,5
244,275,5
244,283,6
244,286,5
244,289,4
244,294,6
244,295,3
244,297,4
244,298,4
244,299,4
244,302,4
245,112,5
245,113,4
245,125,5
245,165,4
245,168,3
245,170,2
245,173,3
245,176,4
245,180,7
245,188,5
245,202,3
245,209,2
245,210,2
245,211,1
245,215,2
245,216,3
245,217,1
245,219,1
245,220,1
245,222,2
245,223,3
245,225,2
245,228,2
245,230,2
245,233,2
245,237,2
245,238,2
245,239,3
245,242,4
245,243,4
245,244,4
245,246,4
245,247,4
245,249,3
245,253,4
245,255,1
245,256,1
245,259,1
245,260,1
245,261,1
245,262,1
245,273,1
245,275,1
245,283,2
245,286,2
245,289,4
245,294,2
245,295,3
245,297,4
245,298,2
245,299,2
245,302,2
246,112,5
246,113,4
246,125,5
246,165,4
246,168,3
246,170,3
246,173,4
246,176,6
246,180,7
246,188,6
246,202,4
246,209,2
246,210,2
246,211,3
246,215,3
246,216,3
246,217,3
246,219,4
246,220,4
246,222,4
246,223,4
246,225,4
246,228,3
246,230,3
246,233,4
246,237,4
246,238,3
246,239,1
246,242,2
246,243,2
246,244,2
246,245,4
246,247,2
246,249,3
246,253,2
246,255,5
246,256,5
246,259,5
246,260,5
246,261,4
246,262,5
246,273,5
246,275,5
246,283,6
246,286,5
246,289,4
246,294,6
246,295,3
246,297,4
246,298,4
246,299,4
246,302,4
247,112,5
247,113,4
247,125,5
247,165,4
247,168,3
247,170,3
247,173,4
247,176,6
247,180,7
247,188,6
247,202,4
247,209,2
247,210,2
247,211,3
247,215,3
247,216,3
247,217,3
247,219,4
247,220,4
247,222,4
247,223,4
247,225,4
247,228,3
247,230,3
247,233,4
247,237,4
247,238,3
247,239,1
247,242,2
247,243,2
247,244,2
247,245,4
247,246,2
247,249,3
247,253,2
247,255,5
247,256,5
247,259,5
247,260,5
247,261,4
247,262,5
247,273,5
247,275,5
247,283,6
247,286,5
247,289,4
247,294,6
247,295,3
247,297,4
247,298,4
247,299,4
247,302,4
249,112,3
249,113,2
249,125,2
249,165,1
249,168,2
249,170,2
249,173,3
249,176,5
249,180,4
249,188,5
249,202,3
249,209,2
249,210,1
249,211,2
249,215,2
249,216,2
249,217,2
249,219,3
249,220,3
249,222,3
249,223,3
249,225,3
249,228,2
249,230,2
249,233,3
249,237,3
249,238,2
249,239,2
249,242,3
249,243,3
249,244,3
249,245,3
249,246,3
249,247,3
249,253,3
249,255,4
249,256,4
249,259,4
249,260,4
249,261,3
249,262,4
249,273,4
249,275,4
249,283,5
249,286,4
249,289,1
249,294,5
249,295,2
249,297,2
249,298,3
249,299,3
249,302,3
250,117,3
250,129,1
250,136,2
250,258,2
250,278,2
250,281,2
253,112,5
253,113,4
253,125,5
253,165,4
253,168,3
253,170,3
253,173,4
253,176,6
253,180,7
253,188,6
253,202,4
253,209,2
253,210,2
253,211,3
253,215,3
253,216,3
253,217,3
253,219,4
253,220,4
253,222,4
253,223,4
253,225,4
253,228,3
253,230,3
253,233,4
253,237,4
253,238,3
253,239,1
253,242,2
253,243,2
253,244,2
253,245,4
253,246,2
253,247,2
253,249,3
253,255,5
253,256,5
253,259,5
253,260,5
253,261,4
253,262,5
253,273,5
253,275,5
253,283,6
253,286,5
253,289,4
253,294,6
253,295,3
253,297,4
253,298,4
253,299,4
253,302,4
255,112,6
255,113,5
255,125,6
255,165,5
255,168,4
255,170,3
255,173,4
255,176,5
255,180,8
255,188,6
255,202,4
255,209,3
255,210,3
255,211,2
255,215,3
255,216,4
255,217,2
255,219,2
255,220,2
255,222,3
255,223,4
255,225,3
255,228,3
255,230,3
255,233,3
255,237,3
255,238,3
255,239,4
255,242,5
255,243,5
255,244,5
255,245,1
255,246,5
255,247,5
255,249,4
255,253,5
255,256,2
255,259,2
255,260,2
255,261,2
255,262,2
255,273,2
255,275,2
255,283,3
255,286,3
255,289,5
255,294,3
255,295,4
255,297,5
255,298,3
255,299,3
255,302,3
256,112,6
256,113,5
256,125,6
256,165,5
256,168,4
256,170,3
256,173,4
256,176,5
256,180,8
256,188,6
256,202,4
256,209,3
256,210,3
256,211,2
256,215,3
256,216,4
256,217,2
256,219,2
256,220,2
256,222,3
256,223,4
256,225,3
256,228,3
256,230,3
256,233,3
256,237,3
256,238,3
256,239,4
256,242,5
256,243,5
256,244,5
256,245,1
256,246,5
256,247,5
256,249,4
256,253,5
256,255,2
256,259,2
256,260,2
256,261,2
256,262,2
256,273,2
256,275,2
256,283,3
256,286,3
256,289,5
256,294,3
256,295,4
256,297,5
256,298,3
256,299,3
256,302,3
258,117,3
258,129,1
258,136,2
258,250,2
258,278,2
258,281,2
259,112,6
259,113,5
259,125,6
259,165,5
259,168,4
259,170,3
259,173,4
259,176,5
259,180,8
259,188,6
259,202,4
259,209,3
259,210,3
259,211,2
259,215,3
259,216,4
259,217,2
259,219,2
259,220,2
259,222,3
259,223,4
259,225,3
259,228,3
259,230,3
259,233,3
259,237,3
259,238,3
259,239,4
259,242,5
259,243,5
259,244,5
259,245,1
259,246,5
259,247,5
259,249,4
259,253,5
259,255,2
259,256,2
259,260,2
259,261,2
259,262,2
259,273,2
259,275,2
259,283,3
259,286,3
259,289,5
259,294,3
259,295,4
259,297,5
259,298,3
259,299,3
259,302,3
260,112,6
260,113,5
260,125,6
260,165,5
260,168,4
260,170,3
260,173,4
260,176,5
260,180,8
260,188,6
260,202,4
260,209,3
260,210,3
260,211,2
260,215,3
260,216,4
260,217,2
260,219,2
260,220,2
260,222,3
260,223,4
260,225,3
260,228,3
260,230,3
260,233,3
260,237,3
260,238,3
260,239,4
260,242,5
260,243,5
260,244,5
260,245,1
260,246,5
260,247,5
260,249,4
260,253,5
260,255,2
260,256,2
260,259,2
260,261,2
260,262,2
260,273,2
260,275,2
260,283,3
260,286,3
260,289,5
260,294,3
260,295,4
260,297,5
260,298,3
260,299,3
260,302,3
261,112,5
261,113,4
261,125,5
261,165,4
261,168,3
261,170,2
261,173,3
261,176,4
261,180,7
261,188,5
261,202,3
261,209,2
261,210,2
261,211,1
261,215,2
261,216,3
261,217,1
261,219,2
261,220,1
261,222,1
261,223,3
261,225,2
261,228,2
261,230,2
261,233,2
261,237,2
261,238,2
261,239,3
261,242,4
261,243,4
261,244,4
261,245,1
261,246,4
261,247,4
261,249,3
261,253,4
261,255,2
261,256,2
261,259,2
261,260,2
261,262,2
261,273,2
261,275,2
261,283,3
261,286,3
261,289,4
261,294,3
261,295,3
261,297,4
261,298,2
261,299,1
261,302,1
262,112,6
262,113,5
262,125,6
262,165,5
262,168,4
262,170,3
262,173,4
262,176,5
262,180,8
262,188,6
262,202,4
262,209,3
262,210,3
262,211,2
262,215,3
262,216,4
262,217,2
262,219,2
262,220,2
262,222,3
262,223,4
262,225,3
262,228,3
262,230,3
262,233,3
262,237,3
262,238,3
262,239,4
262,242,5
262,243,5
262,244,5
262,245,1
262,246,5
262,247,5
262,249,4
262,253,5
262,255,2
262,256,2
262,259,2
262,260,2
262,261,2
262,273,2
262,275,2
262,283,3
262,286,3
262,289,5
262,294,3
262,295,4
262,297,5
262,298,3
262,299,3
262,302,3
266,270,2
266,293,1
270,266,2
270,293,1
273,112,6
273,113,5
273,125,6
273,165,5
273,168,4
273,170,3
273,173,4
273,176,5
273,180,8
273,188,6
273,202,4
273,209,3
273,210,3
273,211,2
273,215,3
273,216,4
273,217,2
273,219,2
273,220,2
273,222,3
273,223,4
273,225,3
273,228,3
273,230,3
273,233,3
273,237,3
273,238,3
273,239,4
273,242,5
273,243,5
273,244,5
273,245,1
273,246,5
273,247,5
273,249,4
273,253,5
273,255,2
273,256,2
273,259,2
273,260,2
273,261,2
273,262,2
273,275,1
273,283,1
273,286,3
273,289,5
273,294,1
273,295,4
273,297,5
273,298,3
273,299,3
273,302,3
275,112,6
275,113,5
275,125,6
275,165,5
275,168,4
275,170,3
275,173,4
275,176,5
275,180,8
275,188,6
275,202,4
275,209,3
275,210,3
275,211,2
275,215,3
275,216,4
275,217,2
275,219,2
275,220,2
275,222,3
275,223,4
275,225,3
275,228,3
275,230,3
275,233,3
275,237,3
275,238,3
275,239,4
275,242,5
275,243,5
275,244,5
275,245,1
275,246,5
275,247,5
275,249,4
275,253,5
275,255,2
275,256,2
275,259,2
275,260,2
275,261,2
275,262,2
275,273,1
275,283,2
275,286,3
275,289,5
275,294,2
275,295,4
275,297,5
275,298,3
275,299,3
275,302,3
277,292,1
278,117,2
278,129,1
278,136,2
278,250,2
278,258,2
278,281,2
281,117,3
281,129,1
281,136,2
281,250,2
281,258,2
281,278,2
283,112,7
283,113,6
283,125,7
283,165,6
283,168,5
283,170,4
283,173,5
283,176,6
283,180,9
283,188,7
283,202,5
283,209,4
283,210,4
283,211,3
283,215,4
283,216,5
283,217,3
283,219,3
283,220,3
283,222,4
283,223,5
283,225,4
283,228,4
283,230,4
283,233,4
283,237,4
283,238,4
283,239,5
283,242,6
283,243,6
283,244,6
283,245,2
283,246,6
283,247,6
283,249,5
283,253,6
283,255,3
283,256,3
283,259,3
283,260,3
283,261,3
283,262,3
283,273,1
283,275,2
283,286,4
283,289,6
283,294,2
283,295,5
283,297,6
283,298,4
283,299,4
283,302,4
286,112,6
286,113,5
286,125,6
286,165,5
286,168,4
286,170,3
286,173,4
286,176,5
286,180,8
286,188,6
286,202,4
286,209,3
286,210,3
286,211,2
286,215,3
286,216,4
286,217,2
286,219,1
286,220,2
286,222,3
286,223,4
286,225,3
286,228,3
286,230,3
286,233,3
286,237,3
286,238,3
286,239,4
286,242,5
286,243,5
286,244,5
286,245,2
286,246,5
286,247,5
286,249,4
286,253,5
286,255,3
286,256,3
286,259,3
286,260,3
286,261,3
286,262,3
286,273,3
286,275,3
286,283,4
286,289,5
286,294,4
286,295,4
286,297,5
286,298,3
286,299,3
286,302,3
289,112,4
289,113,3
289,125,3
289,165,2
289,168,3
289,170,3
289,173,4
289,176,6
289,180,5
289,188,6
289,202,4
289,209,3
289,210,2
289,211,3
289,215,3
289,216,3
289,217,3
289,219,4
289,220,4
289,222,4
289,223,4
289,225,4
289,228,3
289,230,3
289,233,4
289,237,4
289,238,3
289,239,3
289,242,4
289,243,4
289,244,4
289,245,4
289,246,4
289,247,4
289,249,1
289,253,4
289,255,5
289,256,5
289,259,5
289,260,5
289,261,4
289,262,5
289,273,5
289,275,5
289,283,6
289,286,5
289,294,6
289,295,3
289,297,1
289,298,4
289,299,4
289,302,4
292,277,1
293,266,1
293,270,1
294,112,7
294,113,6
294,125,7
294,165,6
294,168,5
294,170,4
294,173,5
294,176,6
294,180,9
294,188,7
294,202,5
294,209,4
294,210,4
294,211,3
294,215,4
294,216,5
294,217,3
294,219,3
294,220,3
294,222,4
294,223,5
294,225,4
294,228,4
294,230,4
294,233,4
294,237,4
294,238,4
294,239,5
294,242,6
294,243,6
294,244,6
294,245,2
294,246,6
294,247,6
294,249,5
294,253,6
294,255,3
294,256,3
294,259,3
294,260,3
294,261,3
294,262,3
294,273,1
294,275,2
294,283,2
294,286,4
294,289,6
294,295,5
294,297,6
294,298,4
294,299,4
294,302,4
295,112,4
295,113,3
295,125,4
295,165,3
295,168,2
295,170,2
295,173,3
295,176,5
295,180,6
295,188,5
295,202,3
295,209,2
295,210,1
295,211,2
295,215,2
295,216,2
295,217,2
295,219,3
295,220,3
295,222,3
295,223,3
295,225,3
295,228,2
295,230,2
295,233,3
295,237,3
295,238,2
295,239,2
295,242,3
295,243,3
295,244,3
295,245,3
295,246,3
295,247,3
295,249,2
295,253,3
295,255,4
295,256,4
295,259,4
295,260,4
295,261,3
295,262,4
295,273,4
295,275,4
295,283,5
295,286,4
295,289,3
295,294,5
295,297,3
295,298,3
295,299,3
295,302,3
297,112,3
297,113,2
297,125,4
297,165,3
297,168,2
297,170,2
297,173,3
297,176,6
297,180,6
297,188,5
297,202,3
297,209,2
297,210,2
297,211,3
297,215,3
297,216,3
297,217,3
297,219,4
297,220,4
297,222,3
297,223,4
297,225,4
297,228,3
297,230,3
297,233,4
297,237,4
297,238,3
297,239,3
297,242,4
297,243,4
297,244,4
297,245,4
297,246,4
297,247,4
297,249,2
297,253,4
297,255,5
297,256,5
297,259,5
297,260,5
297,261,4
297,262,5
297,273,5
297,275,5
297,283,6
297,286,5
297,289,1
297,294,6
297,295,3
297,298,3
297,299,4
297,302,4
298,112,4
298,113,3
298,125,5
298,165,4
298,168,2
298,170,1
298,173,2
298,176,4
298,180,7
298,188,4
298,202,2
298,209,2
298,210,2
298,211,2
298,215,2
298,216,3
298,217,1
298,219,2
298,220,2
298,222,1
298,223,3
298,225,2
298,228,2
298,230,2
298,233,1
298,237,2
298,238,2
298,239,3
298,242,4
298,243,4
298,244,4
298,245,2
298,246,4
298,247,4
298,249,3
298,253,4
298,255,3
298,256,3
298,259,3
298,260,3
298,261,2
298,262,3
298,273,3
298,275,3
298,283,4
298,286,3
298,289,4
298,294,4
298,295,3
298,297,3
298,299,1
298,302,2
299,112,5
299,113,4
299,125,5
299,165,4
299,168,3
299,170,2
299,173,3
299,176,3
299,180,7
299,188,5
299,202,3
299,209,2
299,210,2
299,211,2
299,215,2
299,216,3
299,217,1
299,219,2
299,220,2
299,222,1
299,223,3
299,225,2
299,228,2
299,230,2
299,233,2
299,237,2
299,238,2
299,239,3
299,242,4
299,243,4
299,244,4
299,245,2
299,246,4
299,247,4
299,249,3
299,253,4
299,255,3
299,256,3
299,259,3
299,260,3
299,261,1
299,262,3
299,273,3
299,275,3
299,283,4
299,286,3
299,289,4
299,294,4
299,295,3
299,297,4
299,298,1
299,302,2
302,112,5
302,113,4
302,125,5
302,165,4
302,168,3
302,170,2
302,173,3
302,176,3
302,180,7
302,188,5
302,202,3
302,209,2
302,210,2
302,211,2
302,215,2
302,216,3
302,217,1
302,219,2
302,220,2
302,222,1
302,223,3
302,225,2
302,228,2
302,230,2
302,233,1
302,237,2
302,238,2
302,239,3
302,242,4
302,243,4
302,244,4
302,245,2
302,246,4
302,247,4
302,249,3
302,253,4
302,255,3
302,256,3
302,259,3
302,260,3
302,261,1
302,262,3
302,273,3
302,275,3
302,283,4
302,286,3
302,289,4
302,294,4
302,295,3
302,297,4
302,298,2
302,299,2
304,208,1