200:private
201:
202:170,323184,333453,2389037,2530422,2801851,3194904,3297306,5973193,6092663,7425594,7426473
203:1325,2568166
204:private
205:218
206:
207:notfound
208:304,309,312,512,513,2334774
209:101,114,168,170,175,204,210,211,215,216,217,228,230,234,238,239,349,504,1129337
210:101,114,168,170,175,204,209,211,215,216,217,228,230,234,238,239,249,295,349,508,534,30831,246262,422926,423341,525619,1129337,1891760
211:209,210,215,217,219,220,225,228,230,233,234,238,245,261,288,342,461
212:notfound
213:notfound
214:notfound
215:209,210,211,217,223,230,387,389,1800,2677727,19208202,32850507
216:209,210
217:170,209,210,211,215,219,220,222,225,228,230,233,234,237,238,245,261,288,298,299,302,305,310,334,342,346,779,780,874,876,879,948,980,987,1002,1012,22388,687650,2052483,3012799,3745539,7578558,18173663
218:205,509,3046425
219:211,217,220,234,245,286,288,45672,48867,72054,80300,252921,316133,408599,428410,432600,436923,453755,465264,471267,488082,499958,511287,654936,686925,1465791,1723317,1829782,2168191,2461568,3694838,11850636,15979481
220:211,217,219,222,225,233,234,237,245,261,288,342,779
221:notfound
222:170,217,220,233,261,298,299,302,334,342,548,779,874,980,987,22388,200728,227862,329963,444423,631216,777894,793107,1024174,1211003,1475118,2070592,3745539,5564172,6466512,7578558,16640016
223:215
224:notfound
225:211,217,220,230,234
226:notfound
227:
228:209,210,211,217,234,238
229:
230:209,210,211,215,217,225,234,238
231:
232:notfound
233:211,217,220,222,298,302,305,874,895
234:private
235:
236:114,411
237:217,220,234,15832
238:209,210,211,217,228,230,234
239:209,210,242,243,244,246,247,253,467,85995,297079,589996,600343,669532,684143,709519,1334765,2209674,3678297
240:
241:
242:239
243:239
244:239,204824,500967,1077286,19100817
245:211,217,219,220,254,255,256,257,259,260,261,262,273,275,287,415,494,505,531,618,713,968,3431,345205,427690,465862,466166,477206,497326,501933,539588,539900,568255,582798,594078,599230,624082,679295,727447,783751,846815,1042562,1168646,1335862,1416551,1786599,2672524,4987346,11814302,17359655,21736787,35236667,37251288,37258287,38350058,54035556,55599757
246:239
247:239
248:101,21550,21783,22591,23913,1029242,1112207,1433275,1646609,2334076,3358538,23576635
249:165,210,271,289,323,341,349,27927,29960,31811,45126,57332,77607,88390,145150,190608,237489,246262,249720,279772,311148,399368,403524,412439,667032,1062010,1359396,1428026,1438728,1738373,1743944,2379737,3403231,3830803,4249526,4636087,6043089,7780929
250:129,19866,1653292
251:notfound
252:notfound
253:239,1203356,1334765
254:private
255:245,254,287,10301,42325,189678,414000,1026018,2747884,4881009
256:245
257:private
258:129
259:245
260:245
261:211,217,220,222,245,299,302,305,342,548,872,873,874,875,876,879,881,895,898,948,987,1002,1008,1018,200728,1211003,2129911,22683713,22902309,107549398
262:245,287,539900,679295
263:notfound
264:notfound
265:
266:293
267:
268:notfound
269:notfound
270:293,42606,47029,69886,162687,253078,253529,280562,282996,306135,319718,377978,383625,400867,526870,574723,580515,583701,600235,616496,624986,632116,699442,703586,720511,753926,776046,845922,886609,1071847,1093851,1138774,1403954,1408959,1577768,1577777,1770668,1849391,1896965,1926243,1967265,2638404,3465143,3600873,3800145,3997612,4000715,4030848,4078015,4114475,4287845,4537897,4660446,4921864,5098067,5369168,8168020,14997370
271:private
272:
273:245,275,283,294,462,505,477206,550941,568255,670611,1168646,1367068,2120585
274:notfound
275:245,273,505,531,533,477206,640330,1631920,2428595
276:
277:292
278:129,284,307,564,565,566,667,2460296
279:notfound
280:notfound
281:129,808,247060
282:
283:273
284:private
285:notfound
286:219,16409,45672,51044,80300,80960,80988,81194,122279,140416,192112,209758,211285,235357,237446,238390,240161,244668,270909,284594,293002,300533,338113,347533,347889,350532,352524,352939,355473,357766,359437,362760,363044,363134,365093,372046,377318,377498,381603,383152,384649,386128,391176,392330,392734,393222,402699,405998,408457,408638,408767,424560,428313,429127,431373,436923,439352,440200,447383,463106,477867,492265,512180,512572,516927,536204,539695,555085,567894,572355,580775,581583,630603,654003,694122,741652,790706,1010410,1035566,1131275,1186161,1193846,1284434,1288244,1497421,1690388,1737823,1846469,1981919,2316996,2650421,2891221,3785454,4527681,5748893,10281543,12262519,20336138,21647025,26129676,27861296
287:private
288:private
289:249,271,297,27927,77607
290:
291:
292:277
293:266,270,42606,43735,47029,68023,69886,76918,253078,253529,282996,306135,319718,400867,495808,574723,616496,694113,703586,776046,795852,825627,873850,879429,1093851,1154677,1157484,1176628,1417920,1474936,1577768,1577777,1849391,1896965,1926243,1967265,2052216,2062504,3279192,3800145,3885359,3970449,4000715,4030848,4078015,4082725,4287845,4419175,4537897,4660446,5098067,5301197,5369168,8520171
294:273
295:210
296:288
297:271,289,349,27927,131348,189533,191742,192063,246262,322885,2466059
298:170,217,222,233,299,334,342,363,413,444,663334,938247
299:217,222,261,288,298,334,548,779
300:private
301:private
302:217,222,233,261,310,311,342,779,987,264387
303:notfound
304:208
305:217,233,261,316,317,376,379,458
306:101
307:117,129,278,284,8636,160449,469189,631133,774807,791373,1114884,1143542,2101531,2865081,5856855,11679029,46228489
308:notfound
309:208,312,513
310:217,302,311,314,315,264387
311:302,310,479,284276,8037987
312:208,309,707
313:notfound
314:310
315:310
316:305,317,458
317:305,316,318
318:317
319:private
320:125,322,323,325,328,335,372,453,8490,17853,18945,24245,93265,119724,335301,451745,659030,727414,1053750,1743944,1839939,1931063,2642843,3551335,4754818
321:125,325,8490,382300,386945,844782,1081969
322:320,600936,1733532,3843258,5429266
323:125,167,249,320,325,1754,17853,38059,335301,1053750,1738373,1743944,3433513,63966375,67126980
324:
325:125,320,321,323,328,335,348,429,437,466,937,1246,1443,1742,1754,1892,1938,4791,8490,17797,17853,21359,21721,23727,38883,43943,52769,66010,105925,118946,139719,152358,160466,176490,188418,344547,418859,558994,824974,844811,877619,969816,979352,1040383,1844635,2153990,2223052,2642843,3067908,3551335,3630878,3726871,4308016,4357728,4512167,4801920,11638059,25456231,28755810
326:125,1942682
327:125,462979,1081659,6358219
328:320,325,2526,17853,18163,64013,265537,286115,423196,473452,928000,971648,973208,1036748,1047326,1278005,4176533,4884208,6995573
329:101,332,345,347,348,365,367,369,381,443,421633,422651,543309,1018457,1457332,5452896
330:101,125,331,377,424,430,452,519,8490,9136,60720,219824,629485,2897128,4681822,6074250
331:330,430,52162,60720,75256,190470,219824,306947,1529145,1918100,11763216,16313716
332:329,348,369,421633,1457332
333:notfound
334:217,222,298,299,363,516,527,620,702249,1127354,1678616,1858218,2120140,2983215
335:private
336:notfound
337:125,339,104598,147947,217342,659009,666389,714105,729494,856719,857198,857773,859336,860855,871527,886884,896082,927363,947412,953146,964039,972095,995372,1000896,1040823,1638359,2613081,3597361,4602843,6278914,7661377,23028480
338:
339:125,337,357,358,361,362,366,463,1281750,5750049
340:101,169,383,448,1613,2429,21721,23727,33884,38642,41432,61528,72562,74716,128018,164244,168899,189396,259803,309831,316860,335179,342088,570746,617817,697352,814098,871265,871607,872187,877734,1080563,1132478,1300029,1399606,1464363,1547617,1678489,1943881,2075555,2144569,2169490,2177476,2226100,2238419,2290802,2302273,2352067,2446341,2539663,2630176,8204573,8815406
341:private
342:211,217,220,222,261,298,302,343,344,346,455,548,555,779,874,980,1000656
343:private
344:342
345:329,2891,3614
346:217,342
347:329,348,380
348:325,329,332,347,387074,418859,558994,3906118,4512167,6229197
349:101,113,168,170,191,209,210,249,271,297,341,351,354,388,1443,5008,5463,7731,8946,17904,33773,47146,53689,77607,92091,185156,227199,246262,339474,367552,372197,399368,403524,550914,593459,757026
350:
351:private
352:101
353:private
354:349,2984693,6103278,22761139
355:101,1851,85084,93265,101939,105666,135167,143527,145102,152167,163070,189881,257090,277993,288439,295108,345647,426585,531291,594760,596978,685701,706490,827039,907704,1039057,1096125,1179988,1322699,1370221,1465612,1551448,2055586,2432751,15433284,20055404,25120920,26656698
356:101
357:339
358:339,573984,3497746,3629724,6119276,22764078,24897931
359:101,703,881693,1003627
360:notfound
361:339
362:339
363:298,334,341,444,445,881,973,16346,42604,200728,214058,222845,227257,264733,331350,336509,344822,359160,387918,428386,444060,447474,451142,461076,538714,556131,566963,638926,652647,665060,689934,726568,731746,741252,744141,759926,773482,786196,807688,896075,945200,958797,1001174,1046723,1051883,1112021,1113762,1155506,1206625,1211003,1348014,1656697,1679186,1976390,2504489,2559612,3533320,3670481,4471432,5385476,6196733,7943675,9152205,13995865,22583409,24515942,27630539,30130007,48617963,62700409
364:101,167,176,441,779,912,1007,1061,2812,12034,49966,66644,119271,174960,186303,193488,193573,196256,256852,309831,311468,348383,362534,365424,377259,393287,398120,398611,400478,433944,435376,442205,445116,449317,502943,514012,525933,528695,530310,547876,579368,603975,736412,743712,775194,838565,843928,905458,963059,1033050,1040161,1171712,1285753,1361168,1406915,1428226,1458181,1637857,1659962,1696480,1829658,1976615,2005929,2022236,2040453,2507477,2867440,2868609,2939226,2996784,3087779,3495016,3858709,4123467,4754823,5049091,5829473,6818009,7692977,7827083,8790025,9364737,9387936,11196484,13583546,15193335,16028579,16114100,17667473,22893496,23014163,23486920,24568127,28979965,30326270,37546783,44262144,44995676,45149524,52723774
365:101,329,373,437,8490,12084
366:339
367:329
368:101
369:329,332
370:notfound
371:176,319,1754,8490,108463,121303,127496,172910,174960,267078,294346,315675,469888,473784,500027,517081,641796,652068,670352,670649,798985,830632,839874,887918,1015354,1064402,1121610,1253887,1337893,1893035,2241473,2431131,2487470,2719003,3126856,6177878,7963624,11248089
372:101,125,320,378,390,8490,41432,288082
373:101,180,365,437,1443,1892,1920,8490,37731,61528,91800,125404,422890,459331,758920,811251,1003957,1037707,1045342,1130114,1571103,1601911,1939031,1976677,2197814,2439369,2710696,7255494,23201586,32733394,33935618
374:notfound
375:notfound
376:305
377:330,736,1443,8490,257282,871812,1082160,2897128,3524930,4435350,4529301,8429106,16178372
378:372
379:305
380:347
381:329,158682
382:473151,909734,2290802,4738029
383:101,340,37668,440164,554266,1678489
384:125
385:107,520
386:107
387:215,504,1205537
388:349,408,410,518,1169
389:215
390:372
391:
392:notfound
393:notfound
394:notfound
395:426
396:398,736,751,533812,687831,1013735,2843711,3698535
397:
398:396,736,750,760,107175,171790,234898,427714,533812,542551,617022,833970,872487,1039533,1511626,1577168,1586429,1732853,1884006,1902047,3232500,3695017,3698535,6025567,9468383,9686375,10834234,16195943
399:notfound
400:403,533812,1110418
401:284
402:129,284,58056147
403:400,404,405,414,517,536,95788,893697,1279856,2259259,3416699,5368909,6895252
404:403,536
405:403,2603,2605,2761,3787,629574,1281841,1696415,4485186,4567741,4826211,5270729,6095025,6365967,6940567,8839477,10025919
406:129
407:416,2671,32309,45225,103773,200507,213420,486459,658086,729843,876177,939067,1184005,1260183,2047760,2170788,2211630,2360226,2540896,3143755,4738188,5347391,5682849,6717675,7145800,7570361,7712295,19891728,20031441
408:388,14094,196231,257282,784406,973212,1415193,1672181,3015404,3633819,10515016
409:54853,90463,105088,355742,405492,459889,644529,1802691,5727637,21583646
410:388
411:236
412:private
413:298
414:403,417,459,3514,12753,55155,76979,87470,192138,239661,242475,355610,414022,519754,892100,946862,1948046
415:245
416:407,26225,32309,37068,119284,131198,173275,200507,413360,562432,617585,731536,910484,1638431,2351366,3023341,3027193,3102394,3524930,3759790,4208286
417:private
418:notfound
419:notfound
420:notfound
421:
422:2194239,9614218,26597462
423:
424:330,110837,2545757,3404099,16876539
425:private
426:395
427:
428:notfound
429:325
430:330,331,431,1137941,5287976
431:430,1561,23015401
432:notfound
433:101,2604,44193,186443
434:notfound
435:37904
436:
437:private
438:101
439:101,2368,4228722,4417982,5859035
440:9220
441:101,364,64250,161861,189881,229534,333551,348271,365837,375209,378199,392121,465582,507476,520064,521360,570746,582078,594972,730603,1122843,1806586,3265626,3556831,4826542,4882775
442:notfound
443:329,880
444:298,341,363,750492,7431230,17650086,18434803
445:363,13411,42604,54905,279501,381866,387918,446312,457428,462373,486256,501383,508822,565015,579777,585974,638926,640125,664228,743415,744141,761043,773624,786196,871209,912962,914040,1013597,1032054,1057375,1656697,2016374,11347551
446:notfound
447:private
448:101,191,340,437,1007,1443,2429,66644,104695,108071,286099,289458,309831,330196,348846,416689,455380,640169,1335063,1614197,1637000,2467452,2596130,2611091,2628996,2664787,3999520,4937567,6530373,6668560,7001846,7010568,22916835
449:125,466,511,8490,378567,4416281
450:
451:191,1163,2620,2653,2853,4383,4880,5068,5174,5267,6584,6670,7352,7468,12665,13036,15704,25880,26842,30550,38375,43883,45317,51663,55067,58221,59887,75517,81644,85593,102156,111443,113284,117739,119930,120072,121071,134314,148032,148336,154098,160553,162861,174058,177587,183177,185405,204703,243619,258279,334748,341451,343111,347994,366944,391899,402445,413925,456942,479592,483684,488664,516218,630187,660265,668605,728338,751906,790209,811175,846609,870598,873742,874527,883917,931509,944297,1005002,1021532,1023320,1039952,1178714,1183437,1215933,1228339,1245542,1299765,1320956,1322074,1342425,1351489,1431147,1494053,1513788,1525243,1527214,1532117,1604718,1605453,1682559,1684557,1733342,1876332,2027856,2294919,2316381,2352835,3015482,4880168,5808387,6958198,7218331,7433935,10013176,11127143,11581859,14016954,15073814,18418316,22319683,25913829
452:330
453:320,487586,1019318,3280511
454:187
455:342
456:notfound
457:
458:305,316,182519
459:414
460:146,149,475,22094,78552,117425,145126,204518,255471,266670,276067,286711,338257,493603,522706,565163,565514,646919,651737,652880,662404,663184,718383,780808,810509,874031,878797,885065,1004737,1285791,1297631,1340015,1380873,1469508,1513074,1662637,1729054,1874414,1918253,2099401,2245490,2268494,2338738,2459710,2491983,3084190,3237702,3298863,4022451,4627411,5684828,5688878,6427839,6980011,12885283,24032400
461:211
462:273
463:339
464:notfound
465:
466:101,125,180,319,325,437,449,625,655,856,937,945,967,1120,1246,1443,1529,1597,1599,1615,1626,1634,1646,1654,1742,1809,1841,1845,1929,2524,2995,3094,5894,6465,6625,8663,10177,10837,11494,20526,20828,21359,21721,35049,44997,49398,53219,58013,58271,58274,73131,149104,160466,187605,190676,224446,233719,236487,294730,347218,380934,403022,406790,584830,613805,677206,707391,809173,824974,929018,998309,1016487,1081688,1084916,1130114,1149520,1150561,1183579,1184672,1228702,1506516,1584431,1984358,1992195,2022418,3029289,3524700,5399955,5682449,9095305,9709942,14476676,23304708
467:239
468:
469:18991952
470:notfound
471:101
472:125
473:notfound
474:private
475:private
476:notfound
477:
478:notfound
479:311
480:notfound
481:474
482:187
483:114,185,194
484:101,191,542,569,609,912,1062,1071,1134,1145,1148,1262,1291,1443,1892,2502,163070,166846,214187,258975,356444,439104,777200,809173,848717,940952,973212,990551,1058571,1095269,1159389,1165253,1201960,1258540,1464449,1494687,1841092,1862680,2290826,3431100,4195124,4978878,29322554,57582920
485:notfound
486:
487:
488:
489:
490:
491:notfound
492:586,64368,257090,257282,287946,397834,624413,791548,824224,827039,835464,841324,865545,896906,906274,910115,916840,1733010,2025264,2273963,2446341,3144796,3524930,4914667,23460991
493:notfound
494:245,254,287,9852,15652,119935,241826,266887,271579,378733,471853,522629,534206,556117,602535,611007,611834,659644,659770,661732,667075,679295,711619,730730,734201,736416,827017,828189,834662,840118,842999,860021,1145192,1199147,1212111,1786599,1846568,1873872,1876741,1913142,1967653,2100578,2390315,2946276,2984532,4103310,5411862,6066614,6518294,13926931,14568569,15261143,18925224
495:private
496:notfound
497:197
498:
499:private
500:notfound