1001:private
1002:217,261,876,879,881,1022,1023,200728,1211003
1003:notfound
1004:881
1005:880
1006:768,758168,851260,908418,2689457
1007:private
1008:261
1009:private
1010:880
1011:
1012:217,980,7994604,12527240,43624289,44588571,47130649,58954071,59228267
1013:980,1015,1019,1020,1056,1067,1103,807654,12282133
1014:notfound
1015:1013,1016,1056,1067,8002840
1016:1015
1017:191,1397515
1018:261,881,200728,227680,233852,386045,389953,438664,459635,463666,472857,500392,503709,512269,536994,545560,552997,555020,658931,667278,667750,731746,760027,781849,804774,820228,826223,868688,949994,1033276,1113762,1211003,1305777,1459874,5289725,7117625,19240772,20206788,83808395
1019:1013
1020:1013,1056
1021:881
1022:private
1023:private
1024:1053,1054,1074,1188,827438,18684949
1025:
1026:private
1027:880
1028:679
1029:575,935,1058,1695,1697,1779,1814,9807,72832,125955,129678,252176,849262,1324463,1346907,1391528,1727533,7354554,7400708,8173290,10575321,14373636,27067421,54843189,59698575
1030:710
1031:575
1032:
1033:notfound
1034:922
1035:notfound
1036:notfound
1037:898
1038:notfound
1039:575,1057,8314880
1040:private
1041:986
1042:notfound
1043:499,1496318
1044:notfound
1045:notfound
1046:
1047:991
1048:691,1009
1049:880,969,996801
1050:notfound
1051:notfound
1052:notfound
1053:1024
1054:1024
1055:991
1056:1013,1015,1020,807654
1057:575,1039,297652,8314880
1058:575,1029
1059:562,991,1123
1060:898
1061:private
1062:484,1134,1238
1063:notfound
1064:
1065:1167
1066:802
1067:1013,1015
1068:
1069:921
1070:991
1071:101,484,542,545,1291,1541,44755,249685,267519,915378,1165253,2501662,23130982
1072:1851,102932,130132,330638,370879,842908
1073:notfound
1074:1024
1075:499,448317,1135783,1182179,1279306,4043780,4754324
1076:817,76608,404166,435653,772174,1333480,1349033,1540468,3061830
1077:802,138078,279339,1768204,5262137
1078:991
1079:1022,1023
1080:notfound
1081:908
1082:908
1083:notfound
1084:1224,46423,46433,1744409
1085:908
1086:1097,1114,1164,825054,7323516
1087:notfound
1088:private
1089:private
1090:922,1096,1127,1277
1091:
1092:21760,138078,157258,224762,247634,330332,468859,492192,517653,703308,902721,1092251,1119555,1275849,1284514,1559099,1579973,1768204,1801132,1832167,1841173,1854004,1903660,2001285,2012346,2022037,2051533,2130591,2193013,2307368,2501264,2806317,2833211,2912619,19467256
1093:private
1094:notfound
1095:908
1096:1090
1097:1086,1164,1182
1098:1147
1099:
1100:notfound
1101:notfound
1102:21002708
1103:1013
1104:notfound
1105:691,806,809
1106:348197,934929,991659,1020052,1024283,4254031,5742130,13553462,21970719,21980129,26145589,41514434
1107:notfound
1108:
1109:809
1110:notfound
1111:768,1117,1122,89453,531835,532332,733380,774952,941234,1337486,1415196,2085046,9159795,14512024
1112:1040
1113:248299
1114:1086
1115:notfound
1116:1118
1117:768,1111,1122,733380,1337486,4921352
1118:1116
1119:
1120:466,1646,8663,11494,1841050
1121:853,1254,1268,2444,3719,42191
1122:1111,1117,1259,285672,437160
1123:1059
1124:notfound
1125:908
1126:notfound
1127:1090
1128:
1129:
1130:114,175,187,204,341,806,8768,8783,77671,92273,102664,128247,232934,345659,406659,423341,610782,624578,728769,751937,819045,868802,882906,1198589,1229772,1299216,1699841,1717846,3700493,8957648
1131:
1132:
1133:notfound
1134:484,575,937,1062,1145,1250,1262,1513,1712,1731,1836,181449,1837169,1906879,22792842
1135:
1136:975
1137:975
1138:975
1139:
1140:
1141:private
1142:notfound
1143:104
1144:769,1149,1150,1185,1186,1215,1228,30768,34074,34262,98633,132665,138375,259600,365404,378834,396979,423920,425150,431229,547697,562952,685203,1419609,1527994,2317321,3342628
1145:484,1134
1146:975
1147:1093,1098,1326,82770,82809,82854,104136,2073291,3357586,6499521,17332095,17332717,17336057,17339299,17356027,17357415,17360942,17381538,17798204,18102588,18518103,20666800,22458843,24428906,24512775
1148:484,171085,190690,231328,285523,408081,1071606,1159389,1233708,1558191,5989404,8495978,15971954,24344194
1149:769,1144,1150,1168,1175,1177,1178,1205,1216,1228,1241,1337,1339,34074,45886,129000,132665,286208,336296,365404,368987,378834,423920,458409,464404,484636,562952,619816,621265,685203,1334661,1438907,1472372,1500589,1564762,2013521,2317321,4237933,5428024,20524830
1150:1144,1149,1215,34074,34262,51909,181934,185107,200013,237660,286038,334181,365404,401936,412401,427142,900763,22733898
1151:812,1171
1152:710,1157,1207,1305,1579
1153:notfound
1154:908
1155:2222944,7394488
1156:908
1157:1152
1158:779
1159:notfound
1160:notfound
1161:
1162:notfound
1163:private
1164:1086,1097
1165:
1166:
1167:1065,4958008
1168:1149
1169:388
1170:notfound
1171:1151,1183,1323
1172:notfound
1173:908
1174:
1175:1149
1176:5950202
1177:1149,1205,34074,34262,423920,621265,1274011
1178:1149,480319,685203,1047162,2013521,2240248,5352538,15403569,21058221
1179:
1180:
1181:908
1182:1097
1183:1171
1184:
1185:1144
1186:1144
1187:643
1188:1024,1508,1543
1189:private
1190:private
1191:998,1192,1193,9176,21695,56991,59086,60760,76786,99116,116592,124998,129864,130076,141554,159415,188676,242972,259349,261979,269937,281942,302952,358626,378587,387611,533398,603771,646577,646968,650455,688096,864420,903039,1076923,1086098,1176699,1315408,1448407,1593094,1642299,1716102,1748765,2633347,3607508,8922866
1192:1191
1193:1191,9176,21695,33285,42955,45169,59086,60760,62357,68853,77530,88006,89196,91812,109946,118995,121714,122359,124998,126059,129480,129864,130076,132747,150288,157912,175865,207105,240850,241047,242972,260283,269937,287200,302952,321241,331236,341704,343489,351271,355305,355576,360593,378587,387611,450444,462170,470485,485655,511224,533398,551709,603771,616588,638691,688096,738455,747322,759216,819890,825877,855122,864420,917547,919136,941987,945142,1019793,1076923,1086098,1165325,1171032,1176699,1247607,1259712,1280022,1351520,1351939,1363657,1564325,1593094,1604919,1716102,1798596,1891100,1917279,1921028,2004359,2161180,2186498,2332761,2598374,2633347,2768568,2840641,4396280,4475386,4531393,5484818,5890433,6520018,7025141,7643596,10889492,23099386
1194:865,897,1189,49456,51332,54354,76874,97572,160698,186545,260361,343519,400687,438707,558966,648220,800274,873070
1195:notfound
1196:765,1459,1625
1197:765,1199,1266,1307,1308,1412,1459,1713,3295393,3990045,4843753,8529826,12661943
1198:765,1209,1251,1657
1199:765,1197,1266
1200:817
1201:765,1311,1459,1657,1198715
1202:765,1265,1321,1657,383442,404025,473576,510986,526746,633164,686703,741569,746498,930577,1186678,1357132,1384499,1753398,1762886,2123371,2151811,2155053,2175629,2222863,2261534,2377754,2497848,2511683,2537000,2632301,2676763,2678355,2688417,2695899,2732960,2747219,2771716,2772125,2773002,2784617,2801276,2851751,2870854,2870939,2889062,2906978,2908465,2942731,2960712,2967576,2970872,3021353,3022807,3042265,3067517,3099193,3104023,3104725,3105605,3157227,3184125,3198293,3252587,3280991,3285150,3289796,3296061,3330019,3382033,3388476,3427115,3453027,3489982,3497468,3523987,3551355,3594483,3603053,3800079,3811914,3859928,3862473,3917808,3925401,3925752,4004883,4078416,4106267,4163043,4197508,4284961,4332994,4380531,4615345,4649580,4839267,4843330,5162430,5182547,5766115,5782863,5844242,6136758,6226456,6352725,6610882,6706347,6718551,6789221,6793958,7001996,7040347,7126868,7140901,7225703,7272215,7310937,7499842,7582952,7952959,7980968,8216931,8275370,8286878,8299065,8318486,8397276,8429685,8434548,8490751,8516048,8556536,8594309,8712559,9138599,9206785,9293785,9379431,9806488,10121672,10133870,10215673,10438617,10552850,10855661,10968535,11215971,11488947,11531673,11982532,12151894,12210336,12278391,12592965,13670327,13819930,13910050,14107123,14313713,14629050,14641064,14847413,15578467,15801084,15890346,16257042,16293740,16763088,17103487,17454240,17919610,18749757,18819555,19235474,19359626,19742393,19813758,20874360,21477825,23988842,24125015,25401506,26220226,27231184,27310005,29721330,30856854,30869944,30966549,31915011,32506356,35677171,36394512,38004399,38330247,39980514,40752507,41155945,41608116,42520897,47303570,49793386,52859056,55614016,57570562,64172710,67038878,67071204,67974730,74399254
1203:765,1210,1266,4235015,5072260,8914918,9317738
1204:765,1641
1205:1149,1177,5691584
1206:private
1207:1152
1208:notfound
1209:765,1198
1210:765,1203,1060222
1211:975
1212:notfound
1213:
1214:765
1215:1144,1150,34074,34262,51909,185107,200013,233246,237660,284032,286038,296649,334181,365404,388932,396665,398758,401936,412401,424578,427142,442131,625145,800080,900763,1350245,2569288,4329276,16981599
1216:1149,4237933
1217:769,1228472
1218:private
1219:private
1220:975
1221:private
1222:
1223:private
1224:private
1225:notfound
1226:notfound
1227:
1228:private
1229:1231,1233,1275,1331,1341,1352,1362,1370,1458,1462,1806,220841,269065,309898,451646,460799,492364,617336,782135,819903,852887,940927,1035672,1054729,1075519,1119258,1135722,1137935,1246933,1251536,1281614,1338343,1348280,1377988,1411337,1425425,1495749,1575099,1637018,1671475,1676356,1853462,1860299,1971813,1999880,2104174,2199250,2207725,2208703,2216097,2226645,2238276,2256796,2259159,2262370,2268073,2292514,2314641,2354166,2403662,2499645,2529673,2540400,2545162,2547746,2576816,2636939,2641877,2660425,2735189,2765610,2791520,2908240,2910849,2941929,2955549,2970969,3010119,3100395,3124001,3157838,3249796,3407621,3470284,3492899,3601958,3691008,3778690,3816658,3901035,4101238,4162289,4263502,4365900,4577032,4964403,5456734,6533571,7468058,7922364,8450601,9837492,10839285,11244696,11842363,12423093,12822349,12927361,14545240,15168380,15577906,15687218,18006970,18733741,18798336,19766201,22779966,23751659,29522864,34942724,35629151,61018771,61346994,61426678,62210415
1230:765
1231:private
1232:1315,1352,1372,1373,1458,907384,4480415,15251336
1233:765,1229,1240,1255,1264,1275,1315,1318,1331,1341,1351,1352,1355,1357,1362,1363,1435,236016,239221,440062,985599,1780829,1792639,1871038
1234:765,2342,611643,4499004,13276892,16915962
1235:1391,8886,119712,148221,218726,249694,271372,296667,366775,387547,392176,411386,417934,432996,444991,459104,505913,574284,616935,619535,638469,640736,652521,671651,683329,704491,739554,780720,785551,807610,809395,833088,859485,859526,898090,911098,911122,938709,985599,990715,995123,1026606,1028756,1065792,1147120,1180346,1268169,1288516,1307035,1345939,1351861,1616296,1640387,1663774,1795899,1934948,1949421,2017070,2037349,2089788,2127477,2191671,2237466,2413009,2452842,2551710,2699653,2778095,3341394,3856660,3887635,4085061,4230292,4378711,4806700,5238482,5685146,6074958,6251619,6791023,6975290,7075259,7928559,10036331,11017070,11512033,11655616,11876415,12282046,13796694,14186994,15692934,15996734,22983325,27362690
1236:1249,1511,59588,440159,597521
1237:20178639
1238:1062,1516
1239:1364,1374,1737,5589669,7071073,20513858,25470365
1240:private
1241:1149
1242:1395,1519,1520
1243:1434,1737,157618,175388,191594,266879,387366,446957,521657,537167,662558,852909,864472,894902,897711,898884,1057202,1092182,1244181,1786599,2489675,2800551,4791603,11407514,11780599,13031744,19505364
1244:
1245:
1246:300,319,325,466,675,1248,1253,1290,1443,1526,1844,3201,6208,8996,11494,13953,18626,20660,21721,22725,23727,36347,44997,52108,53219,101138,103715,117533,118832,127498,147783,157158,161875,174651,236542,329252,329857,455351,516194,529397,569448,575813,607237,647740,714105,1037834,1060779,1462098,1510399,1695795,1986244,2095929,2359526,2599708,4787084,5682449
1247:notfound
1248:1246,18626,157088,177311
1249:765,1236,2183339,2195550
1250:1134
1251:1198
1252:
1253:private
1254:853,1121,42191,4557456
1255:765,1231,1233,1275,1293,1315,1318,1331,1341,1351,1352,1355,1357,1362,1372,1391,1455,1504,1589,1691,1726,96083,101328,173020,197785,286360,330702,402392,430939,439502,527018,590780,627019,651002,663704,1007723,1142180,1299925,1314336,1456108,1458126,1476831,1504618,1568809,1587004,1636613,1694364,1710901,1727570,1828268,1917836,1924963,1953067,1983204,2018642,2132698,2143431,2150559,2155047,2176586,2179500,2210549,2237895,2238646,2378220,2739269,2740440,2768445,2807172,2807586,2853820,2869564,2908761,3095698,3154308,3239090,3550470,3885986,4175276,4276600,4285153,5074207,5823425,6147662,10731892,12557922,14592387,14620801,14817952,16170441,23030538,23741834
1256:notfound
1257:private
1258:675,1526,1528,4299,6887,21721,42285,43897,46007,123298,189406,389203,492217,819782,900951,1117204
1259:1122,36166
1260:908
1261:1218,1035957,3070925,4824975
1262:484,1134,262658,301841,409717,623394,1048068
1263:1218,498187
1264:1233,1275,1351,1352,1355,1362,1372,1455,1504,286360
1265:private
1266:765,1197,1199,1203,1391,1608,1657,1729,2384,2385,2407,2409,2426,498406,552252,632980,639615,659910,662667,790018,982068,1047758,1463074,1899699,1957023,1985984,2071877,2085649,2103906,2190794,2208964,2252046,2349460,2449331,2560262,2573076,2744849,2779858,2790937,2843256,2860367,2901061,2935917,2941180,2957767,2985799,3021481,3025745,3026424,3035048,3070034,3276809,3302027,3412519,3444636,3456624,3613907,3619496,3849973,3885720,3950934,3955341,4062023,4237332,4237951,4466679,4482176,4489891,4616883,4732787,4802729,4853621,4869128,4875539,4885608,4946896,4952633,5022203,5025738,5045801,5145046,5165622,5234610,5302022,5481960,5853265,6020083,6240062,6296507,7431524,7502576,7526597,7526624,7653251,7869544,8322493,8731858,8763919,9002274,9454365,9848258,9856393,10154010,10388062,10702139,11185369,11610614,12373540,12441567,12563613,12943951,13151677,13482411,14227804,15080362,16239374,16566626,19605922,24181564,25820568,27042895,27580164,27973402,27988615,27999862,32305770,32885373,35350160,35747700,35858977,36112707,36450015,36843089,37010332,37332380,37971882,39574234,39802265,40074803,40613861,41117425,42050556,42664849,42827944,44198302,45198630,45420080,46311835,46691712,46978721,48794763,49470245,49893263,50112479,50196449,51202028,51348854,51369753,51978991,52590609,52761735,52969947,53221077,53238256,53644720,56274720,57058350,57182112,57967370,58362500,58826146,59109805,59162041,59191203,59354097,59425336,59792704,59961525,60060150,60166111,60321689,60373075,60441752,60520846,60752015,60941715,61117660,61181851,61518262,61529438,61689221,61788096,62148869,62251595,62429321,62701102,62725489,63610323,66706422,66960280,67567255,68566936,69116308,71196469,71227012,71787585,72917811,73071312,73147875,75365617,75391182,75850653,76254089,79117254,79301612,83397543,83838526,85211231,87219675,87950098,91004123,91867193,91982651,94133495,94726395,95044806,95093209,95544066,96176759,96912801,96947994,97144856,97385542,97653745,97946442,98333218,99283052,103788563,103811179,103924040,104508096,104902583,106221839,107564427,107874736,108605257,108771494,108816265,109082345,109144148,109676494,110073564,110076968,110120681,110280364,110551355,111060280,112056255,113338556,113367900,113503650,113585671,113632865,113760159,113779825,113780233,114280400,114457443,114908217,115549078,115903283,117039510,117810265,119303390
1267:notfound
1268:1121
1269:
1270:101,575,859,1382,1439,1492,57455,127511,459993,1015968,1567613,1815303,2026377,2073614,4105618,4942442,6443384,10755795,15826448
1271:101,1292,1754,2429,60292,538691,779664,912579,978525,1058045,1058931,1489957,1734559,2629848,5372458,12642719,15232719
1272:notfound
1273:765,1321,611643,9045306,13276892,13771042
1274:
1275:1229,1231,1233,1255,1264,1331,1341,1351,1352,1355,1362,1370,1411,1455,1458,1462,1464,1810,49593,70023,492364,672445,810102,991404,1015093,1522508,1596090,1664501,1780829,2445098,2559448,2753275,2786314,2843551,2952664,2986608,3096199,3152445,3197388,3348601,3354167,3356665,3574858,3576396,3635441,3658054,3845144,3954548,4028790,4049756,4221779,4228179,4238112,4334832,4362749,4380219,4383441,4396785,4441529,4485619,4486491,4623035,4699978,5022245,5266480,5351766,5354477,5356000,5357356,5368001,5438036,5559562,5584212,5627791,5709810,5713686,5770131,5780876,5932891,5973384,6073082,6091204,6141919,6261138,6275983,6337966,6448328,6526863,6530140,6561607,6564371,6580037,6656124,6680817,6742282,6809044,6871832,6899999,7052259,7105736,7118679,7387186,7389861,7405925,7563225,7580424,7598503,7630970,7673928,7678785,7719648,7720355,7793246,7936216,8023132,8066383,8084971,8104089,8113331,8140879,8142613,8176183,8227010,8275793,8279732,8389537,8497966,8532847,8540522,8595395,8633486,8678127,8705947,8719238,8725295,8776553,8904131,9020886,9029430,9141306,9157654,9302930,9393386,9466100,9496751,9506396,9525155,9540151,9606883,9608553,9717030,9927126,10069437,10129749,10334503,10538201,10677038,10724654,10796068,10919616,11255012,11749474,12423093,12820070,13348598,13500192,13534164,13810719,13847772,14123804,14217049,14309880,14315636,14366106,14539614,14755670,15176319,15508569,16612304,16629763,16914602,17243554,17978601,18119673,18223694,18449788,18821857,18868009,20239028,20636887,22681660,24708380,26578165,27341794,27620982,28695089,31358949,32107043,36390643,38994385,39950910,40313451,41415418,41876140,48572500,50160130,50206302,53312258,54859307,55495338,56519830,59528313,59566443,60913270,61077341,61299990,61758128,62210415,62784230,84570596,89226951
1276:notfound
1277:1090
1278:503
1279:notfound
1280:notfound
1281:notfound
1282:566
1283:private
1284:1218,1219,1400,1401,1525,9126,117228,121837,184035,215217,218528,256899,264735,266859,273496,358212,358650,367375,461521,498187,504921,553056,579557,581607,645098,730608,769937,775350,913446,997291,1018382,1034165,1069844,1081081,1112529,1429116,1572617,1663706,1712632,1907397,2149031,2337136,2371242,2535829,2641654,2810539,3242459,3578058,3844728,3969771,4422469,4555743,4580081,4640342,4761989,4792019,5107188,5262121,5289030,5586250,6129282,6582028,6683004,6720067,6767876,6942173,7072141,7095178,7155421,7282419,8306512,8519565,10696639,13033989,14789991,16118000,20933946,31757385
1285:1283,1286,1298
1286:private
1287:notfound
1288:
1289:1741,314827,1937831,25731705,26174153
1290:1246
1291:private
1292:1271
1293:1255,1306,1365,1387,1425,1444,1459
1294:private
1295:1286,1294,1296,1299,1300,26328,474155,560677,594887,609897,699319,741602,811441,1407121,1566403,1640580,2138952,2805838,3521366,4283854,5322053,5402157,5518453,7148310,7486758,7950641,8520813,8635531,9562961,12372555,12999379,15124971,17179306,23050080,25762250,31814398
1296:1286,1294,1295,1299
1297:notfound
1298:1283,1285,1286,579390,757228,821046
1299:private
1300:1286,1294,1295,1299,1398,13522,30448,234991,330103,565360,700603,773613,1127986,1174578,1181207,1389415,1474778,1922476,2257761,2270697,2438818,2805838,2840102,3146531,4376212,4464126,4508196,4611659,6022691,6308214,7950641,8138808,8635531,8808983,8994280,16597955,17179306,18982863,26714387
1301:1537,1605,1702,1735,1876,3141,50008,59588,61301,178034,190663,388153,408782,464412,490621,560588,569324,624367,628157,680251,730088,823350,909419,927566,931629,959716,1032638,1159362,1201815,1232231,1468974,1485749,1678016,1697085,1699697,1701683,1702633,1724414,1744015,1799647,1868659,1989542,1997450,2006346,2006881,2008994,2009231,2033611,2062784,2098197,2139533,2140325,2145071,2211166,2248685,2298123,2522581,2714468,2719568,3087885,3333233,3607195,4195602,4555776,7124528,7694329,9860555
1302:notfound
1303:notfound
1304:1286,417444
1305:1152
1306:1293,1310,1747,2274667
1307:private
1308:1197,10688840
1309:private
1310:1306,2274667,3001830
1311:765,1201
1312:765
1313:notfound
1314:notfound
1315:private
1316:1342,1344,1345,1346,1348,1354,1360,1419,1506,1535,1559,1957,1272586,1623211,2139056,4229498
1317:765,1459
1318:1233,1255,1344767,2028254
1319:notfound
1320:
1321:1202,1273,1331,1455,1717,487731,1674316,1676625,10917877
1322:
1323:1171
1324:348081
1325:203,2911979
1326:1147
1327:1332,1333,1434,61086,539124,701645,969124,1014902,1232998,1499343,4922348,11166558,19279613,23127112
1328:notfound
1329:notfound
1330:809,1488,14153
1331:private
1332:1327
1333:1327,7688,47674,159945,339746,341944,393809,492391,494017,494704,540257,544665,599007,610470,689494,732101,737593,745255,827209,878939,895606,1673798,1699493,1813332,2052355,2057424,2060069,2072885,2248645,2277080,2404785,2506712,2519626,2666029,2944371,3612638,3678293,4790078,6368984,6640489,22014417,23055620
1334:911726,2000094,2000460,3884162
1335:255380,437940,710296,782347,879630,1974959,2468089
1336:644,765,1657,611643,3468732,11378047,13127787,15565978,18004219
1337:1149,34074,34262,458409
1338:notfound
1339:1149
1340:101,224321,1315043,2068358
1341:1229,1233,1255,1275,1351,1352,1355,1362,1435,1662,1663,1666,1668,1669,1670,1671,1681,1757,1763,1827,985599,5217275,5399416,8713941,13892536
1342:1316,1345,1348,1354,1419,1431,1506,1559,1957,4005,4010,5044,5814,6136,6366,6695,6829,6856,9618,9869,365662,684647,698973,829875,833156,1445820,1567526,1614125,1654529,1723600,1798731,1840848,1949872,1960191,1985805,2099424,2139056,2142103,2467083,2512026,2577327,2775148,2777878,2801625,2838218,3026242,3089168,3147125,3327598,3373831,3667501,4229498,6280247,7110283,7315432,10947174,11789779,15171127,16569173,18737781,20908428,21803737,22825814,23192084,24187770,24187785,25089142,26894396,29648153,30582034,31058735,59859493
1343:1813,400342,517234,524667,598498,875476,1210050,1630595,1637590,1909045,1952012,2096109,2261118,2544574,2599845,3197466,8933730,9014170,17725237,25237465,74063466
1344:1316
1345:1316,1342,102148,2142103,16569173
1346:1316,1354,1957,213384,399044,409123,457556,501112,511747,548462,780976,1054576,1081688,1274117,1293085,1390800,1564880,1634920,1697298,1734596,2139056,2312095,2335775,2548055,2820330,3127864,3347185,3812058,3830478,4810620,5166694,5402967,6686380,7715523,10882792,22490047
1347:765
1348:1316,1342,4010,236233,1272586,1567526,2157355
1349:
1350:
1351:private
1352:1229,1232,1233,1255,1264,1275,1315,1331,1341,1351,1355,1356,1362,1363,1370,1381,1396,1411,1417,1429,1435,1440,1455,1458,1691,1693,1736,1767,1823,1903,2528,70023,1031402,1125943,1127929,1269964,1567187,1579787,1736848,1846937,3343424,3675385,8904131,10569241,15251336
1353:
1354:1316,1342,1346,1559,1957
1355:1231,1233,1255,1264,1275,1331,1341,1351,1352,1362,1372,1411,1435,1455,1458,1504,1691,1795,286360
1356:1352,788319,832774,847126,3343424,8344154,12004251,25508569,42032545
1357:1231,1233,1255,1362,1372,1504
1358:765
1359:182
1360:1316
1361:notfound
1362:private
1363:1233,1352,1362,1411,1435
1364:1239
1365:1293,1444,3710664,4150439,4201581,4207388,5259774,5579650,5902269,5988700,6298443,6507527,6794925,7411036,7411212,7484591,7585844,7860904,7864927,7872420,8431828,9013037,9331924,9412783,9998511,10493361,10978723,11035349,11295338,11985225,12237350,14394772,15518130,15761354,16577834,20513202,26916705,29367701,30892458,32502628,32959190,46356119,79957924
1366:
1367:765,1434
1368:notfound
1369:notfound
1370:private
1371:697
1372:private
1373:1232
1374:1239,342017,604729,643253,760280,819799,935439,1023286,1028827,1219638,1220187,1232650,1261592,1278214,1386685,1388095,1414622,1472958,1492523,1564025,1568747,1595627,1702715,1884353,1904303,2161483,2169649,2182480,2207590,2257524,2279479,2301641,2304042,2353087,2625703,2714080,2754726,2786361,3000317,3510153,3590424,3897244,3913461,3940392,4044230,4132421,4201130,4263678,4349086,4427356,4587747,4623439,4941136,4979722,4996147,5356953,5589669,5817265,6043659,6446930,6469212,7004646,7061648,7226165,7704253,7716820,7854531,7998893,8128277,8292545,8606465,8705736,9221566,9637964,11278514,11521237,11617569,11839836,11905578,12270613,12400703,12581692,12698328,12914750,13642558,14100926,14354436,14415604,14429922,14614135,15331987,15786395,15826911,15828332,17807544,18170221,18257693,18503460,18781968,18942753,19069459,19495115,19778676,19780861,19796358,20034743,20491118,20513858,20638884,21122817,21500729,21842508,24344849,24486523,24690351,24956212,25078268,25190153,25216903,26395857,26872399,27322601,28165167,28397227,28585058,29211342,29758617,30290358,31288464,31349475,31554672,34205452,35385663,36153018,36735534,37864240,38772869,39221967,40567676,40735688,41117425,43436757,43503073,44484639,48058165,48792790,49662915,53409640,55482198,60022646,61654286,61957610,62197789,65089460,66728881,67470597,85717537,87777716,89179797,90622942,120251824
1375:1315,1376,1396,1445,88115,366717,406150,2681326
1376:1315,1375,1396,1445
1377:1315
1378:1315
1379:564,566,664,667,770,1433,44678,957095,1040383,1083047,1906213,23094066
1380:812
1381:1352,1716,1762,1764,1829,308414
1382:859,1270,84181,87793,3262426
1383:notfound
1384:1370,16955430
1385:1315
1386:1315
1387:1293,1415,3847,356683,955175,3124892,26542068
1388:private
1389:notfound
1390:notfound
1391:private
1392:1370
1393:private
1394:865,1463528
1395:1242,1519,1520
1396:1315,1352,1362,1375,1376,1411,1430,1458,1847850
1397:1218
1398:private
1399:
1400:private
1401:private
1402:notfound
1403:101,3426873
1404:notfound
1405:notfound
1406:notfound
1407:notfound
1408:
1409:notfound
1410:notfound
1411:private
1412:1197
1413:private
1414:
1415:1387,1416,1420,1421,356683
1416:1415
1417:1352
1418:101,1315043
1419:1316,1342
1420:1415
1421:1415
1422:
1423:notfound
1424:765
1425:1293
1426:
1427:
1428:1315
1429:1231,1352,1362,1458,1462,1464
1430:1396,1788,1921,7599603
1431:1342,5044,6829,2775148,7110283,7315432,15063936,21803737,25236197
1432:notfound
1433:565,566,667,1379
1434:765,1243,1327,1367,1737,191594,359469,384407,396038,409354,439917,443656,607609,633177,651297,719421,721126,1158030,1207024,7109326,16198409,16899356
1435:1233,1341,1352,1355,1362,1363,3412915,4712563,5411998,7089415,8515738,12255828,14944171,15006947,19335085,22809715,31694182,35771370,35772707,35776902,35780938,35831801,36065654,36262420,37423974,41920402,45870963,46352009,48790532,54403484,55290119,59196299
1436:
1437:1578,1622,477944,734237
1438:notfound
1439:1270
1440:1352
1441:
1442:private
1443:private
1444:1293,1365
1445:1315,1375,1376,2027926
1446:
1447:private
1448:private
1449:private
1450:
1451:private
1452:private
1453:
1454:private
1455:1231,1255,1264,1275,1315,1321,1331,1351,1352,1355,1362,1372,1411,1458,1462,1464,1504,1717,367509,512168,562511,586065,656240,661587,662611,1067131,1251847,1811070,2464541,2581729,2756406,2872913,2898984,3320489,3351225,3576698,4432786,4858479,7514968,18049477
1456:notfound
1457:1219
1458:1229,1231,1232,1275,1315,1331,1352,1355,1362,1370,1396,1411,1429,1455,1563,1570,1638,1810,2786715,2863881,8904131,18789911
1459:1196,1197,1201,1293,1317,25912,5627583,7537093,7924065,8050612,9357285,9631607
1460:865,1189,1206,1760,1846,808651,2567399,2865707
1461:
1462:private
1463:private
1464:private
1465:
1466:495,1531,1533,1536,1542,1552,1580,454303,1889774,1968911,3525568,13403058,16423424
1467:private
1468:1315
1469:notfound
1470:765,1490897,6455125
1471:notfound
1472:private
1473:notfound
1474:1472,25814,31822,57789,65010,68247,71426,96088,105850,107356,120251,147515,165440,177637,179144,182616,182982,188423,277880,325846,333286,345642,351376,352936,356033,369906,400792,440777,557345,578692,579965,603290,718217,721377,768662,818876,832615,917122,1045385,1072222,1183381,1644620,1991379,2345816,2358581,2654214,5898655,6024886,12186710
1475:1472,1476,1483,1493,1499,1515,32799,54377,54858,67148,72043,111248,126267,175163,180239,229351,247088,247803,271089,276653,309287,319708,409039,459723,518258,526178,533088,578462,619061,792268,828843,838496,872366,914038,921733,955227,982653,1036100,1071776,1145784,1164143,1179642,1216770,1312928,1334071,1502806,1614565,1667040,1792972,2028661,2738004,3173952,3562347,3978168,4668662,4702818,5441199,6868502,8523059,14404201,16417185,17838243,47233558,88980804
1476:1472,1475,9073,47884,54377,54517,66976,67148,68306,99332,180239,195434,271089,276653,357103,409039,803550,814768,872366,914235,921733,927524,1262140,1620855,1683191,1792972,1970925,2343007,2419710,2750308,4001694,5385648
1477:private
1478:notfound
1479:notfound
1480:562,663
1481:notfound
1482:notfound
1483:1475,1485,1487,1490,1491,1493,1499,72043,72190,84461,107340,123845,133411,145699,161128,161375,161918,162351,177232,180348,180420,180903,185837,202277,223709,229351,232373,236192,243800,271089,276476,276653,318583,328438,404545,482201,500653,523287,559858,604014,684296,684560,713102,796872,914038,996035,1059002,1135052,1183693,1262228,1312928,1393796,1468209,1576170,1602682,1742218,2005024,2011645,2134910,2143028,2187536,2238302,2262458,2387495,2714294,2740508,2750833,2815506,2918999,3127924,3723537,4003446,4018452,5100551,5210957,5962140,6944538,7575969,7828938,13036701,16772512,23271187
1484:private
1485:1483,107340,145699,161128,161375,180420,180903,318583,559858,684296,684560,729828,745350,1282578,1637276,1959121,2045728,2098584,2294301,2750833,9364958,14953753,15284728,16169252,16772512,18833550,23271187
1486:1793,1796,1801,639909,1018382
1487:1483,1499
1488:1330
1489:1315
1490:1483,1491,1493,1499,72190,229351,276653,1026540
1491:1483,1490,1493,1497,1499,1620,9948,19703,39710,40900,47195,47243,47468,74200,89173,109350,115925,127321,134168,134556,160913,161602,173790,178244,182085,182241,193049,225649,299292,357440,531049,666750,807608,1089129,1488130,1766291,1788736,1852031,1969053,2586988,4739124,5879171,7745941,12734088,15025080,15796366,18465832
1492:1270
1493:private
1494:
1495:
1496:1401,1452
1497:1491,44380,107524,118023,319439,2219810
1498:notfound
1499:1475,1483,1487,1490,1491,1493,1502,1515,1527,1602,7630,8940,66623,72043,72190,84461,164029,179859,202277,229351,276476,276653,849695,900134,914038,936678,1468091,1550002,1742218,1788736,2111005,2138639,2320958,2750833,3695924,4049131,4473518,6639729,7575969,9953725,14468765,14561863,14599980,15259575,15263678,25146733
1500:notfound
1501:1401,1452
1502:1499,1515,1601,1602
1503:101,8490,57263,137849,345336,543268,556552,3349314,7041550
1504:1231,1255,1264,1351,1355,1357,1362,1455,1661,1691,286360,342931,377514,429284,470931,471900,634186,932112,955162,1072604,1291408,1498968,1595408,1644268,1693125,1745760,1836080,1903266,1978459,2029735,2047769,2073005,2352040,2570643,2637271,2706534,2786541,3176552,3239090,3261775,3355128,3496397,3954103,4118562,6753004,9570670,19121344,20385983
1505:1315
1506:1316,1342,1354465,1434420,1527730,1765089,2039717,2099424,2512026,2775148,2811462,2846316,2939358,3147125
1507:notfound
1508:1188
1509:575
1510:765
1511:1236,1524,1547,1553,85464,1129190,1476282,24810093
1512:notfound
1513:1134
1514:private
1515:1475,1499,1502,1601,1602,1607
1516:1238
1517:private
1518:notfound
1519:1242,1395,1520
1520:1242,1395,1519
1521:notfound
1522:notfound
1523:101
1524:1511
1525:1284,504206,1018382,2516280,2954374,3271091,3708158,5272484,19260160
1526:private
1527:private
1528:1258,1526,21721,42285,58271,105925,117740,174062,258077,294003,1176395,1652921,4503233
1529:466
1530:101,6625,22876,22909,75748,216374,245629,409198,464346,568009,669853,862581,986788,1022497,1381048,1385929,1569139,2096055,2312920,2504611
1531:1466,1532
1532:1531,420846,533670,878352,2888539,3034054,3230929,3310878,3407994,3766870,4131263,4471120,5661690,7687235,7883796,8144587,10405139,15941895,20506885
1533:1466,1536
1534:notfound
1535:1316
1536:1466,1533
1537:1301,1605,14135,26050,66823,78676,84487,112822,158169,182630,184778,210167,226493,240639,258857,265159,275139,277239,299703,330611,339066,342902,345755,348108,369033,383473,383598,405816,408782,414348,424544,430802,431770,438657,446143,447099,447475,452341,455065,457331,462796,462932,463572,468179,471577,472264,474849,475449,484701,491903,500194,510638,512421,513259,517715,518529,526037,540561,541023,571399,578292,585202,591517,594415,594691,609424,613302,624367,631131,634822,638642,656852,671619,682480,685240,687539,688888,702927,710283,713698,721495,742874,804101,823350,830712,840280,843353,844228,846217,847825,851417,859946,869996,873543,877045,890399,925824,951325,961908,1009170,1051452,1058273,1075654,1078210,1081662,1099960,1197257,1210139,1222427,1259753,1311893,1334118,1346759,1437163,1451824,1502092,1511207,1578933,1624469,1627442,1655200,1712436,1727528,1791852,1792639,1801845,1829819,1849563,1866417,1971772,1989893,1997450,2008994,2009231,2016915,2022184,2047859,2049404,2085999,2124210,2139533,2145071,2156274,2167509,2178734,2193988,2198533,2211166,2298123,2400655,2480077,2569243,2570569,2599449,2674106,2695051,2714468,2745446,2927736,3126032,3214768,3354799,3752166,3907945,4013144,4049178,4050180,4127148,4195602,4224745,4310984,4366582,4406092,4473006,4473187,4474423,4475252,4682754,4844372,4923531,4940197,4953499,5276580,5806984,6046976,6310232,6364618,6848170,6904124,7778844,8538276,8561242,8725391,8838162,9313347,19536217
1538:
1539:1372
1540:
1541:1071,6931,179096,182538,248893,251220,256140,291005,465582,502838,617638,772320,909096,1522462,1748615,2125978,2316988,5711684,6767186,9818912,40307516
1542:192,1466
1543:1188
1544:notfound
1545:
1546:865,921,1189,2237,221197,3084142,3696501
1547:1511
1548:notfound
1549:notfound
1550:1551,1556,1560,1571,1583,1645,1706,1719,324637,326964,337884,359173,373130,378851,473707,482212
1551:1550,1556,1574,1575,1577,1581,1583,1585,1587,1588,1645,1723
1552:1466
1553:1511,416124,467207,525977,540207,587560,708123,827390,852932,1009610,1010023,1118613,1129190,1221257,1225716,1662994
1554:
1555:notfound
1556:1550,1551
1557:
1558:notfound
1559:1316,1342,1354,1957,2942,3057,3524,4457,6829,6856,260896,443239,569232,596670,674841,683301,683528,689440,736410,745396,790258,802419,833156,838750,853918,898585,910393,1039569,1046314,1098781,1099066,1150045,1176510,1215733,1216739,1264178,1285649,1294140,1447189,1450121,1484179,1558314,1559440,1577445,1623211,1723600,1812302,1852009,2027752,2069602,2139056,2214660,2238706,2312481,2408691,2491687,2503812,2549488,2659686,2675600,2691270,2811337,2817688,2912560,2944947,2945942,2974026,3277235,3399236,3660920,3704562,3892159,3946022,4006317,4049782,5025274,5197526,5400704,6943945,7110283,7939563,8955808,11410037,11755133,13138264,15973864,16110324,19741450,25046365,27571394
1560:1550,1706,37210678
1561:431
1562:notfound
1563:1458,100021,103600,112540,119174,120532,121974,144402,151143,172430,305519,305613,306144,317682,368641,418437,530404,1145880,1261643,1268126,1387804,1462038,1532149,1581896,1600817,1732462,1749765,1762169,1765957,1792507,1837270,1860050,1885305,1897078,1897647,1930672,1957633,1978886,2048153,2050405,2060883,2075423,2099859,2118618,2128156,2130106,2184553,2204203,2254789,2278510,2285800,2289629,2308589,2334169,2369045,2373106,2396141,2400495,2421247,2424207,2424701,2427080,2429806,2449600,2451739,2458711,2490467,2499542,2514237,2558645,2600798,2628788,2637825,2660773,2700014,2704274,2725630,2786715,2789994,2938624,2967980,2994275,3117417,3132457,3160556,3245163,3290279,3351991,3850925,3933348,4125216,4162785,4301698,4780590,5972234,6580027,7388736,7429631,9670283,10027491,10196077,11907222,12006103,12228228,14953509,21122706
1564:private
1565:
1566:notfound
1567:101
1568:notfound
1569:notfound
1570:1458,2841800,3550767,4116216,6087226,20399583
1571:1550
1572:notfound
1573:
1574:1551,1575,1581,1588,1627,1628,1632,1655
1575:1551,1574
1576:notfound
1577:1551
1578:1437
1579:1152
1580:private
1581:1551,1574,1585,1587,1723
1582:
1583:1550,1551
1584:notfound
1585:1551,1581,1723
1586:private
1587:1551,1581
1588:1551,1574,1627,1628,1688,1700
1589:1255,1309,1391,1650,1667,6110,23212,251309,419858,465704,511484,680912,758461,963074,1186272,1210456,1215481,1222611,1338671,1347087,1832033,2049854,2063301,2205830,2261894,2663342,2904478,19600375
1590:
1591:1810
1592:notfound
1593:1401
1594:
1595:private
1596:1598,1621,827214,1107082
1597:466
1598:private
1599:466,1615
1600:notfound
1601:1502,1515,1602,322249
1602:1493,1499,1502,1515,1601,130921,271089,284814,322249,727273,933167,1192281,1354755,5856567,6095000,21610866
1603:
1604:notfound
1605:private
1606:
1607:1515
1608:private
1609:notfound
1610:notfound
1611:notfound
1612:private
1613:101,340
1614:
1615:466,1599,1616,1618,685331,729748,922729,1098120,1467753,1498901
1616:1615,65119,284006,343698,437497,554853,685331,791920,867767,928136,1059347,1202204,1343303,1439829,1440921,1847944,1964861,2172843,2313398,2627564,2722847,3403582,3631182,3874138,4753833,20111376
1617:notfound
1618:private
1619:notfound
1620:1491
1621:1596
1622:1437
1623:765
1624:
1625:765,1196,2431,4695032
1626:466
1627:1574,1588,1630,1631,1640,1780,1826,5341,5342
1628:1574,1588,1688
1629:notfound
1630:1627
1631:1627,1925,2347917
1632:1574
1633:
1634:466,11494
1635:1009
1636:notfound
1637:
1638:1458,447848,18789911,20328297
1639:notfound
1640:1627,34959
1641:765,1204
1642:
1643:
1644:
1645:1550,1551
1646:466,1120,8663,11494,19674,34282,63378,63616,66327,88018,142337,249151,702294,718407,1016487,1175366,1637843,2048987,4131497,4185284,6611473,10265650,17196770
1647:765
1648:
1649:1701
1650:private
1651:1315
1652:101,1009,1443,1892,1920,2429,198165,199637,323463,344748,495279,558501,593551,1010099,1064909,1149523,1465088,1467753,1751577,1953305,2266052,4907895,5077539,6168439,12460238,20130622,22949997,39881156
1653:1472
1654:private
1655:1574
1656:1309,1650,1747,185719,377859,429192,696746,710154,2140027,2325413,2890686
1657:private
1658:notfound
1659:1663
1660:
1661:1351,1362,1372,1504,1737
1662:1341,1716
1663:1341,1659,1669,1672,1677
1664:1484
1665:
1666:1341,1746663,3228627,5217275,17812651,19893807
1667:765,1391,1589,1650
1668:1341
1669:1341,1663
1670:1341,1708,1716,330103
1671:1341
1672:1663,10511
1673:
1674:
1675:
1676:1792465,2233012,2295369
1677:1663
1678:notfound
1679:
1680:1737,6818536
1681:1341,1770011,1815019,1973001,3177413,7482339,7520847,9386968,21399780,25642629
1682:notfound
1683:
1684:
1685:
1686:
1687:1698,3791619
1688:1588,1628,1761
1689:1691
1690:
1691:private
1692:5864733
1693:1352
1694:
1695:1029
1696:notfound
1697:1029
1698:1687,83534,117094,2144682,12999841
1699:
1700:1588
1701:1649,1747
1702:1301,26719,28996,39433,63900,66315,132986,135628,165235,190492,196533,204952,236505,272803,443219,449523,612346,749968,902721,914023,929843,956810,956946,986540,987971,1023970,1040629,1303845,1304612,1342985,1361013,1383755,1544828,1592171,1662988,1697186,1751621,1759414,1797548,1903267,1905649,1958227,1992965,1999741,2006881,2058049,2058964,2221445,2278492,2388296,2441099,2673922,2837101,2854982,3027938,3392315,3579441,3733645,3846574,4867643,5051270,5356798,6061324,6365173,12855295,20498293
1703:351974
1704:notfound
1705:865,917
1706:1550,1560,2913,2136324
1707:
1708:1670
1709:
1710:1766,1770,1783,1803,1808,1874,2326,19111157
1711:
1712:1134
1713:1197
1714:1315
1715:1442,455556,737445,839593,841582,844830,851165,882928,988428,1046014,1252819,1263762,1385524,1668269,1834439,1836449,1869231,1872478,1912248,1967533,1968727,1984320,1985952,1987389,1998711,2015785,2022792,2034748,2084531,2119252,2120404,2138867,2144097,2170028,2225527,2249837,2251176,2252479,2252813,2253412,2254150,2254424,2269467,2269500,2277600,2282793,2292366,2301756,2319861,2321067,2322358,2325394,2326027,2326319,2383130,2407236,2415564,2418532,2421381,2422452,2428907,2444484,2449530,2463474,2470197,2476723,2488314,2527347,2544761,2550779,2550819,2553600,2554692,2555204,2564440,2579997,2581555,2612950,2623833,2627123,2627365,2638183,2642585,2642662,2649203,2654247,2673336,2701813,2713188,2716349,2731446,2741957,2754124,2760538,2765866,2784072,2789338,2795082,2810405,2813485,2817311,2823975,2849124,2849664,2855978,2857148,2857688,2899762,2899991,2901790,2928064,2928834,2930020,2933264,2959393,2983908,3000077,3001904,3006847,3016832,3017952,3021482,3027697,3033735,3035283,3036220,3042556,3062111,3064085,3107309,3110247,3113278,3132784,3135943,3153982,3187697,3190254,3190582,3209714,3211971,3219520,3229063,3273238,3282026,3290662,3303023,3325885,3328829,3349548,3415599,3416802,3438623,3450237,3470236,3479862,3497098,3498242,3542757,3564976,3570386,3575981,3614958,3617850,3687142,3722561,3723522,3732137,3811283,3817629,3827814,3866084,3890705,3893661,3949117,3967967,3979494,4004351,4039526,4089239,4109531,4193441,4264981,4322692,4369519,4372127,4381547,4572188,4652362,4677216,4720867,4743299,4788011,4798439,4819490,4915632,5017658,5069547,5131248,5157033,5220676,5223444,5341928,5350062,5437229,5750012,5766953,5825241,5850923,6080143,6146412,6250812,6256377,6320789,6559069,6913992,6987386,7460865,7518183,7575053,7786950,7878653,8010583,8052819,8685274,9112024,9149340,9212005,9347617,9754053,10226977,10765342,10969357,11276307,11862600,12899237,13515954,13727120,14659657,15114477,15231698,16033961,16614072,16822343,17864396,19039171,20546535,20601535,21054608,21618309,22100943,22253597,23163050,24347512,24787416,26434653,27043417,27562243,27732998,27747200,29961586,30480607,31234663,32839294,35383244,37902951,39277489,40498661,42787258,45127905,49343144,49566529,50479410,54865807,58681742,60257664,67040974,67310097,69606836,73953316,102745407,110781975,110941414
1716:1381,1662,1670,1751
1717:1321,1362,1455,1464,173675,530491,878967,1382124,2242027,2381692,10774841,10804395,18407307
1718:private
1719:1550
1720:notfound
1721:1650
1722:notfound
1723:1551,1581,1585
1724:
1725:
1726:1255
1727:notfound
1728:
1729:1266,2407,5853265,9500945
1730:notfound
1731:1134
1732:
1733:notfound
1734:
1735:1301,224964,617558,698505,1000215,1697085,1848675,1977037,2033988,2155451,2209015,2881564,2914690,3354333,3727811,4719547,5409283,7051234,7090060,7354849,10487288,16916108,22980943
1736:1352,1767,3294138,4026421,6366395,10230368,18876801
1737:private
1738:
1739:1650
1740:notfound
1741:1289,25731705,26174153
1742:101,180,325,466,937,1753,1758,2429,8490,11494,12034,20526,35049,64633,66010,66644,91800,109678,121902,168346,190676,242320,309831,331665,402192,473151,617671,622068,637363,688307,822213,830661,999188,1015667,1072992,1074131,1074873,1129692,1158059,1180204,1321049,1327350,1682722,1748868,2439536,3265114,3627673,4357612,4603137,5080235,5292950,5878043,6610357,6954941,7528628,8112467,10513586,11048801,14268371,14476676,17424052,23906664
1743:notfound
1744:notfound
1745:
1746:notfound
1747:765,1306,1309,1391,1650,1656,1701,429192,8664782,14979307
1748:
1749:1750,941379,1038341,1221033,1385758,3568126,3640697,4554088,4886272,5734002
1750:1749,18436,61126,61399,62043,65536,66176,92913,120223,120656,126570,137074,209458,211436,221032,221721,224837,226603,229279,230047,234353,234798,239801,240238,241536,252539,259374,280140,280859,290489,307041,308293,309817,312338,324336,346420,351300,358812,360628,362161,363077,368195,376937,377652,382033,385561,386756,387148,389521,390533,392235,404386,406965,407721,408885,414536,414924,414981,420845,426066,440689,449806,450692,451977,457982,464614,469150,477068,478656,491817,501919,511673,512183,521122,536318,539315,544767,545027,546938,547843,549017,549985,557017,562417,605820,615130,623675,627351,631216,634792,646359,650420,660542,667765,669366,681445,685565,690307,691616,698536,726684,727360,737735,741974,753328,758353,760615,771024,777437,785447,833821,857611,857632,872533,910428,928424,943990,969714,979863,1039378,1046154,1046425,1048551,1059825,1083829,1096487,1221033,1297969,1310311,1310402,1432618,1459124,1491830,1577624,1630533,1633086,1640228,1712736,1714850,1763678,1770609,1799168,1887872,2034982,2167161,2286857,2736398,4092173,4554088,21993187,50936655,53638458
1751:1716
1752:
1753:1742,1758,6540,12034,14166,14380,14385,23719,87446,109723,148177,179199,458545,786691,1152510,1174582,1190349,1237402,1242026,1262758,1374438,2044272,2189177,2358544,2434137,2599985,2659519,2918504,5064169,5162378,17041721,19008248,38377412
1754:101,167,191,323,325,371,1271,1443,1892,2429,3094,6208,8490,17853,37731,61528,75944,98145,309831,348032,365837,427088,434331,495279,528287,593551,624413,664997,809173,809823,840382,952160,973208,1075929,1392586,1731024,1932518,2177476,2708845,4501927,6177878,7963624,12250699,21498976,24425029
1755:
1756:1315
1757:1341
1758:private
1759:notfound
1760:1460
1761:1688
1762:1381
1763:1341,1827,439677,489156,937128,1482167,2005478,2065940,2098472,2346768,2443995,2759129,3041957,3251937,3336642,3337304,3337978,3365921,3393932,3442681,3457537,3498850,3515768,3521910,3528623,3546808,3628941,3721972,3737975,3758393,3775472,3815750,3819941,3963332,3980142,3984913,3985129,4004494,4050894,4074594,4077697,4101667,4102016,4173000,4312435,4333945,4425873,4443271,4529823,4530481,4557542,4606749,4627307,4629607,4629750,4633899,4677727,4708473,4763543,4764650,4795497,4806727,4807812,4813766,4828590,4863154,4874380,4933274,4984851,4985828,4986348,4992673,5026023,5028990,5073477,5217275,5225383,5234770,5261093,5319735,5319991,5332417,5333113,5339847,5358241,5413199,5475824,5502760,5513567,5571001,5594693,5650985,5668312,5674420,5677773,5694454,5709214,5750715,5753005,5767515,5769822,5799644,5835528,5838696,5838935,5853050,5878486,5888928,5915583,5946088,5962717,5967763,5975872,5990139,6004334,6018960,6032976,6039129,6048042,6073449,6093872,6099091,6121366,6163544,6172717,6226127,6236597,6252699,6267703,6283288,6292129,6293200,6316755,6334678,6361126,6363330,6395788,6416776,6493840,6512785,6533911,6551005,6593910,6601080,6636148,6644569,6692411,6726007,6779488,6798291,6850088,6858691,6873459,6902073,6940645,6967186,6999359,7108460,7232282,7267162,7322898,7337484,7341376,7368102,7385779,7412705,7442156,7451451,7451622,7496640,7591772,7609503,7756511,7774555,7814371,7879220,7927380,7963817,7978134,8167077,8223196,8333957,8487152,8536637,8578815,8665005,8679573,8986340,9001471,9321389,9453253,9503341,9504484,9612304,9731528,10110834,10325917,10536685,10544822,10549955,10651667,10803034,11026896,11299373,11434054,11811084,12158463,12187303,12193800,12498426,12567982,13094233,13419354,13446475,13679274,14463081,14947013,14956597,16052745,16206495,16270250,17842614,17975622,18977419,19270648,21572502,21692365,27611245,30121825,31722103,34400178,34404020,61550719
1764:1381
1765:
1766:1710,18534797
1767:1352,1736,1903,300488,625059,1031402,1145328,1195591,1269964,1274095,1300230,1328766,1389478,1389701,1394976,1480301,1500847,1530120,1579787,1608486,1641235,1658526,1733792,1736848,2070716,2087564,2166360,2203702,2218015,2315153,2461754,2484130,2513387,2527123,2951941,3102146,3156446,3247563,3264700,3535041,3691664,3848019,3933213,4332347,4611277,5241634,5370201,5438812,5969647,6146344,6398355,6489885,6984976,8956775,9566948,9807920,9889029,10316682,10569241,13370550,14537463,15828461,22713059,27367404,27837595
1768:
1769:
1770:1710,1808,2326,12898,13926,17866028,19111157
1771:101,675,1000,1253,1772,1773,1786,1802,1847,2608,4456,5894,6625,6765,6888,7650,8609,40495,58274,202660,345336,371460,376357,397766,1569415,1727338,2137566,2568944,2913820
1772:1000,1771,1773,1786,2604,2608,6625,6746,6765,6887,22187,809182,1159724
1773:1771,1772,2604,6625,22187
1774:notfound
1775:1776,1825,2165
1776:1775,1825
1777:notfound
1778:notfound
1779:1029
1780:1627
1781:40719
1782:1219,1401,149534,304074,416177,480208,554904,622068,728890,826792,986788,1159420,1365121,1365718,1389126,1445038,1449734,1454281,1674683,1759769,2643432,46520209
1783:1710,2943719,8710035,10348102,17866028
1784:notfound
1785:
1786:1771,1772,1802,42144,68069,68194,89779,90837,92266,96392,97455,97514,97939,101685,101921,116092,124289,128218,164601,167955,188635,194854,237178,237587,246371,259756,301891,418154,440066,472825,516124,646577,667940,721057,800080,908182,938890,1006488,1047700,1096769,1161561,1769567,2133484,9050496,9234212,9738565,18762753
1787:notfound
1788:1430
1789:1758,9921,10442,10679,13799,14708,15967,17281,17959,18275,18276,20194,20806,21124,23449,25045,41592,47792,59637,175771,204958,259469,265532,300053,300488,344598,344740,345873,369403,378699,397942,400542,402763,429883,453034,476176,483608,510938,523935,531835,568255,624096,677056,722045,767918,777149,871297,874575,929428,990816,1037047,1053540,1078698,1204769,1535588,1541188,1554960,1967069,2089626,3099326,4972759,5985066,7726717,7821552,9369731,14263824,15537710,22016638,25579725
1790:notfound
1791:6354394,23237589
1792:
1793:1486,1796,639909,17601527
1794:1315
1795:1355,1982818,3687743,9021187
1796:private
1797:notfound
1798:
1799:958
1800:215
1801:private
1802:507,1771,1786,26600,57970,59348,117477,151096,231328,235525,241174,248078,284900,291231,327693,327728,340093,355567,373013,440658,498983,517143,526825,552966,655515,709246,709640,758758,948303,984695,1120917,1124121,1129043,1131737,1154378,1205674,1227460,1268063,1286887,1450273,1451958,1531738,1539442,1569415,1570817,1591095,1595894,1628135,1714410,1846477,1939664,1983303,1987436,2027568,2057549,2061258,2080829,2237676,2253909,2411592,2568944,2629797,2632819,2951317,2970901,3047636,3499861,3522521,3695590,3805597,3996274,4700819,4791261,5926303,7563172,7691012,10014387,17433035,22856731,23664471,24700140,25005366,32170169,34346915
1803:1710
1804:private
1805:notfound
1806:1229,2411
1807:
1808:private
1809:466,666685,1627863
1810:1275,1458,1591
1811:notfound
1812:notfound
1813:1343,7293348,8138315,32773314,37292878
1814:1029
1815:notfound
1816:
1817:125,358361,616395,1752315,2560089,2560120,6090759,11870827
1818:
1819:notfound
1820:
1821:
1822:714502,4057991
1823:1352
1824:notfound
1825:1775,1776,1778461,2055002,2132124,2357065
1826:1627
1827:1341,1763,1831,2046448,4970890,5217275,5598009,6392122,6553013,8691234,8713941
1828:notfound
1829:1381
1830:958
1831:1827
1832:429483,1374601,2540130,15673410
1833:
1834:notfound
1835:
1836:1134
1837:
1838:1443,1850,245711,275491,434331,593551,900279,1089757,1151692,1198624,1361215,1442205,1843173,2680789
1839:notfound
1840:notfound
1841:466,1842,1680308,5900423
1842:1841,43733,707391,809173,1130114,9095305
1843:
1844:1246,1526,2167,3215,5001,5008,5073,5076,5107,5121,5273,5351,5354,5400,8976,21721,23680,36924,38655,39022,39070,39086,47267,51962,52464,53605,68637,103009,105665,127588,153244,180061,300738,300812,829355,933872,974015,1601445,2003250,3290714
1845:466,1937,2176,2477,21359,23680,23727,54829,55445,55904,58274,72394,72625,73131,73192,73270,73816,74646,90967,96753,107280,195609,216613,430224,1205762,1328811,1368344,2469537,3208258,4680420,4680504,4897854,5221453,5365733,5520598,5951610,14900091
1846:865,903,1189,1206,1460,1907,18582,109548,323525,546277,581700,808651,1987436,2378600,2776560,3818335,4082138,5573101,6694148,9643534,13735151
1847:1771,2083,3346,731676,1234018,2021391,3663272,8067631
1848:notfound
1849:101,381972,382310,383532,442196,973212,1415193,2880341
1850:1838
1851:private
1852:143561,164363
1853:101,1893,1897,2056,2283,2422,2468,2526,6158,6520,7667,8220,9748,12745,12889,26550,40205,63196,90932,100041,124269,131026,152111,276868,346992,370046,617012,702484,754104,969816,1064316,1082160,1095755,1596539,1617114,2107304,2468801,4086300,4412164,4683032,4858270,6388625,6724953,9415343,9811473,9955854,11465067,13955464,15432649,15801920,17670456,23397170,26759579,27811927,28744701,30247705,32900567,36564738,37879332,43149726,70683887
1854:notfound
1855:1851
1856:notfound
1857:1862
1858:37483236
1859:
1860:58708
1861:1851,17530245
1862:1857
1863:private
1864:1863
1865:notfound
1866:1870,1871,1881,1883,1888,2125,2197,2343
1867:notfound
1868:
1869:733082,2136520,2317796
1870:1866
1871:1866
1872:
1873:
1874:1710
1875:
1876:1301,224072,264697,388059,436332,558770,1133651,1203034,1449515,1907969,3003671,23725717
1877:private
1878:notfound
1879:
1880:
1881:1866,1895,1899,1902,2823,2828,332704
1882:notfound
1883:1866
1884:notfound
1885:
1886:private
1887:
1888:1866
1889:101,3043,4172,6625,196547,818842,952160,1296276,1822675
1890:917,103441,791477,792505,1803724,2915334,3236985,5499434,5945507,10370684
1891:
1892:private
1893:private
1894:
1895:1881,292492,1936477,2289822,4737020,4938502,5944057,6494745,6592405,11757633
1896:notfound
1897:private
1898:
1899:1881
1900:notfound
1901:notfound
1902:1881
1903:private
1904:notfound
1905:1903,2387,2430,271652,306055,307324,316685,372980,376804,376985,380973,414026,427961,498246,504781,560579,565823,578834,579439,608445,654928,664762,764742,862802,863732,892454,954260,975203,977303,1023069,1125943,1177654,1178526,1197731,1219182,1242297,1249721,1249939,1254307,1268230,1277817,1288783,1303791,1313467,1349499,1360216,1364085,1374039,1375044,1387512,1450056,1477103,1483791,1485351,1501100,1501646,1529164,1549846,1566516,1567187,1576683,1579787,1590787,1610320,1611517,1653485,1669101,1724744,1736848,1743588,1761725,1762036,1781388,1800658,1824488,1827093,1847170,1848899,1867279,1883521,1913103,1913193,1934548,1936438,1939152,1948167,1960082,1963687,1971188,1996414,1997331,2001009,2007424,2013975,2024149,2046364,2068533,2077708,2078490,2111244,2111433,2178540,2185155,2209558,2210705,2215025,2234065,2255497,2268859,2271997,2282346,2289124,2289383,2308713,2314684,2316751,2319747,2353922,2364505,2376483,2377916,2381016,2414385,2415346,2435574,2437615,2445877,2447750,2465074,2466264,2513909,2517228,2526923,2529663,2541644,2541862,2567940,2577625,2601755,2606665,2630076,2632722,2663775,2687521,2698279,2698928,2712436,2714449,2719746,2742601,2765610,2771855,2771977,2773277,2778524,2800132,2810740,2836319,2851762,2877207,2884037,2887099,2891083,2904380,2915267,2939800,2942503,2974055,2984532,2986021,3013021,3013790,3014392,3019894,3019960,3045398,3051969,3053860,3078193,3095086,3101302,3117212,3149333,3150288,3155343,3156255,3199694,3203356,3206862,3226162,3236654,3245096,3271551,3299911,3303776,3306555,3322240,3336958,3346246,3364115,3367610,3371810,3376657,3399583,3429069,3442030,3466234,3502128,3517918,3538186,3567344,3601084,3603067,3640164,3716402,3724188,3733241,3736955,3741968,3767014,3799405,3811125,3846915,3904497,3912794,4019742,4278528,4363864,4366976,4468153,4479898,4761610,4805821,4838377,4865597,4976313,4982216,5165768,5216161,5350138,5426815,5766944,6045782,6179704,6230199,6303472,6334459,6717831,6825927,6840514,6861391,7045006,7273075,7327339,7330939,7357006,7393133,7566588,7778891,7788161,7827902,7898923,7902709,7965635,8101689,8376278,8380267,8628591,8990661,9211042,9339885,9828047,9985051,10047663,10398502,10615640,11856007,12192118,12248188,12293429,12433878,12855169,12861743,12946606,13003220,13042686,14044685,14394551,14620793,15150346,15187179,15345165,15972145,16234355,16534407,16628594,16775821,17118022,17307439,17626610,17707841,19237965,19296900,19957826,20153401,20458525,20613617,20985408,21005483,21283343,21553250,22098353,22208472,22269337,22270217,23666516,23846120,24217516,25001997,26089742,27420176,27838591,30323485,31758364,35382866
1906:notfound
1907:private
1908:1903
1909:53273,218977,290163,442845,442927,456779,1818863
1910:1903,1911,2387,2430,2533,307324,487402,808559,1165379,1290726,1320788,1377817,1385331,1411257,1800658,1870560,1978124,2000008,2201517,2381016,2487029,2487982,2574211,2667999,2712436,2782066,2842706,2911555,2921214,2942503,3117212,3119208,3380963,3409659,3735160,4125875,4154044,4384599,5184046,5831835,5853901,6079082,7641713,7778891,8532528,10069182,11438525,14868240,15314343,15585310,17200151,17307439,18414018,19038743,19443077
1911:1903,1910,2387,266760,307324,349139,670126
1912:503,507
1913:
1914:
1915:1903
1916:private
1917:
1918:1903,66511,307324,346733,1578296,1588901,1686094,1824488,2086276,2468175,2712436,2827413,2891083,4223082,4794736,8258676,13127990,14952683,17380703,19058032
1919:notfound
1920:373,437,1009,1443,1652,1892,1929,1954,2187,2524,2841,35339,38478,40320,48192,66010,177451,198165,201324,206671,265285,309831,343072,411394,427903,434331,446681,462086,495279,518017,553787,593551,603016,629800,634303,639428,703947,708095,749378,824287,846484,877001,918544,930107,997594,1123313,1149523,1290062,1467776,1581792,1600673,1643029,1648094,1651449,1680074,1786851,1871891,1896541,2056829,2191310,2806243,2829403,2914660,2947893,3670844,3820623,6489740,7049320,17380992
1921:1430
1922:private
1923:private
1924:notfound
1925:1631,51663,86295,114919,266133,286611,305568,864820,949525,962698,1013602,1039952,1222819,1227587,1390013,1407503,1452533,1468866,1601943,1615290,1698621,1776728,1777446,1815813,2033133,2140218,2275102,2292681,2293343,2331717,2799234,2837793,2915604,3087428,3875148,4001143,4937180,6947068,11502828,14416589,21355632
1926:notfound
1927:notfound
1928:
1929:466,1920,1937,1950,1954,1956,2045,2059,2079,2209,2301,2671,2868,2905,2912,2916,2936,2939,2980,3067,3081,3090,3939,4001,5394,6473,6743,21359,23680,23727,34074,34262,45779,46459,48192,53945,58274,60553,71565,81281,110482,130099,131146,139669,146399,180456,196547,197975,267097,345495,360489,472024,519790,619449,623807,646000,810834,1082873,1112960,1127269,1160354,1219427,1246482,1262353,1533267,1574271,2084237,3553689,4150892,7213365,10122797,15768098
1930:22109,200212,200748,200955,211310,286207,461508,490801,502857,603849,849702,954808,1334431,2227566,4501927
1931:42574,351367,833156,1018382,1035432,1723600,2021654,2338918,2763198,6528520,7398722,9510612,26344228
1932:18003,157088,347232,399320,477178,561083,637878,712789,795127,1147814,4775778,5933900
1933:1934,2750,2755,2912,2939,3081,3128,4351,4841,42820,168873,312650,318988,1063051,1287056,2296056,3843142,7814439,19033692,19869421
1934:1933
1935:notfound
1936:5351,6887,25592,29057,29891,30360,30505,30890,31615,33099,35059,35152,35196,35255,36010,37804,39372,41599,43070,44279,60706,67091,70328,76979,85275,148790,185639,188173,217728,277183,365332,404127,534220,583433,796320,1397180,1532601,1580425,30191680
1937:1845,1929,1945,2045,21359,21721,23727,46496,58056,58271,58274,68558,71565,74646,79572,85294,85404,85604,86274,87410,87556,89560,94608,98968,130099,141652,145808,673584,1112960,1675063,2132665,2141930
1938:325,937,1950,1960,1991,2016,2020,2022,2047,2049,2053,2123,2131,2167,2175,2190,2213,2216,2218,2221,2223,2226,2227,2229,2265,2281,2325,2327,2335,2344,2429,2654,3092,3100,4471,4581,5082,17853,41781,203254,217250,432487,490323,550896,929814,937836,1169653,1223591,1313002,2992386
1939:2125156,2154343
1940:3153
1941:
1942:
1943:notfound
1944:
1945:1937,4910,21359,23727,58056,85294,158735,196658,203254,213792,255208,257489,473524,663626,816044,1132616,1148008,1233725,1436865,1531359,1556052,1675063,1694440,1695211,1720444,1728689,1731747,1902613,2966701,5111703,24727842
1946:
1947:180,8663,49006,907792,1060999,2026974,2136062,11050739
1948:
1949:
1950:1929,1938,2045,2752,3939,29476,190470,200955,349644,528583,663661,929814,930107,942963,1052609,1160906,1406915,1553684,2405090,2992386,8089112
1951:
1952:
1953:notfound
1954:191,1920,1929,2045,2079,2080,2181,2187,2591,4887,30085,48192,87640,196658,200486,200748,200869,200955,201324,202818,203254,211309,216871,226929,286207,330850,342408,398135,645476,724946,725175,815045,904496,916831,930107,931611,1573665,1726280,4050611,7940805
1955:notfound
1956:private
1957:private
1958:
1959:51567,183912,199389,236084,864739,864787,1053915,1194391,9285133,10551920
1960:1938,1961,1963,1964,2016,2022,2106,2123,2131,2167,2264,2281,2429,2654,2990,3100,3630,23680,41781,102008,162768,201713,203254,263229,295209,378879,453926,1169653,3081149
1961:1960,1963,1964,2106,12513,151218,2035825
1962:1966,1967,1972,1974,1982,1983,1986,2004,2005,2007,2015,2022,2028,2097,2099,2103,2111,2120,2463,2621,3089,3297,369925,683964,768442,915537,935814,955703,1217455,1291846,1373907,1596887,3838317,3936380,3936573
1963:1960,1961,1964,2016,2106,3789,150952,151218,152330,156335,162768,929865,2035825
1964:1960,1961,1963,2016,151218,189475,223019,236913,237363,424136,929865,2035825
1965:
1966:1962,1967,1970,1972,1974,1975,1978,1982,1983,1986,1987,1990,1994,1996,1997,2004,2007,2009,2011,2013,2022,2027,2035,2038,2053,2095,2096,2097,2103,2121,2463,2576,3089,3100,3104,3297,3821,29251,32808,112087,142329,163935,302603,347994,755651,776499,820583,953503,970522,1089740,1169653,1217455,1291846,1335118,1348164,1562304,1635758,1837835,2033523,2063616,2113755,2125845,2325293,2568551,2821633,2944980,3141218,4271898,8636783,16945692,22784360,28167482
1967:1962,1966,1970,1975,1981,1990,1994,1997,2035,2103,2463
1968:
1969:notfound
1970:1966,1967,1972,1974,1982,1983,1987,1997,2049,2103,2113,2463,2538
1971:notfound
1972:1962,1966,1970,1974,1975,1982,1990,1996,1997,2022,2463,2538
1973:notfound
1974:1962,1966,1970,1972,1982,1983,1987,1996,2004,2011,2013,2090,2121,2149,2419,3100,953503,1217455
1975:1966,1967,1972,1987,1990,1997,2022,2030,2037,2053,2097,2103,2127,2128,2267,2546,2629,3104,3105,3383,4062,8004,113834,1334093
1976:3820,68637,642510,1842704
1977:notfound
1978:1966
1979:notfound
1980:47300,60946,111835,113241,113962,115645,287611,384861,452890,703683,817132,845916,865581,875926,1107311,1289222,1312015,1343815,1381466,1697808,1702215,1890966,2025141,2795589,3611769,4055318,4100718,4806204,16256651
1981:1967,2006,1921895,2622762
1982:1962,1966,1970,1972,1974,1986,1990,1996,1997,2022,2049,2096,2097,2149,2167,2281,2327,2344,2463,2547,1169653,1313002
1983:1962,1966,1970,1974,1987
1984:6147093,6515471,6784422
1985:notfound
1986:1962,1966,1982,1996,1997,2654,142663,952561,1131039,1563550,1615763,1698257,1714606,1809453,1986148,2010772,2406519
1987:1966,1970,1974,1975,1983,2003,2008,2026,2103,2149,2506
1988:notfound
1989:notfound
1990:1966,1967,1972,1975,1982,1997,2053,2463,2632,4473
1991:1938,2016,2265,13890,2052450
1992:2001,2463,1129294,3494627,3512122
1993:notfound
1994:1966,1967,1998
1995:
1996:1966,1972,1974,1982,1986,1997,2022,2096,2097,2463,3100,3297,4598,8664,10485,17141,167719,236751,345864,380784,396839,444816,668820,1334128,3494627
1997:1966,1967,1970,1972,1975,1982,1986,1990,1996,2022,2097,2103,2281,2463,6259
1998:1994,2034,2785101
1999:595381,862200,1504632
